6 0.4545 0.0031 0.4812 0.0329 0.5157 0.0815 0.5643 0.1301 0.6019 0.2022 0.6019 0.2132 0.5846 0.2492 0.5878 0.2665 0.6129 0.2727 0.6411 0.2680 0.6818 0.2508 0.6975 0.2555 0.6975 0.2774 0.7241 0.2962 0.7555 0.3088 0.7884 0.3260 0.8213 0.3354 0.8605 0.3260 0.8871 0.3276 0.9342 0.3464 0.9749 0.3636 0.9984 0.3699 0.9984 0.2743 0.8323 0.2132 0.7821 0.1865 0.7414 0.1834 0.7163 0.1803 0.6959 0.1693 0.6755 0.1364 0.6411 0.1395 0.6254 0.1332 0.6082 0.1332 0.5658 0.0831 0.5690 0.0549 0.5329 0.0016 
3 0.4091 0.0016 0.4232 0.2163 0.4342 0.2429 0.4451 0.3401 0.4514 0.4828 0.4530 0.6066 0.4530 0.7461 0.4498 0.9608 0.4498 0.9984 0.3307 0.9984 0.3339 0.9013 0.3339 0.8793 0.3292 0.8605 0.3182 0.8370 0.3260 0.7680 0.3323 0.6975 0.3276 0.6755 0.3213 0.6693 0.3025 0.6630 0.2680 0.6552 0.2555 0.6505 0.2492 0.6442 0.2398 0.6223 0.2492 0.5972 0.2508 0.5752 0.2304 0.3903 0.2382 0.3527 0.2445 0.3495 0.2571 0.3495 0.2962 0.3527 0.3119 0.3464 0.3182 0.3370 0.3245 0.3103 0.3119 0.1740 0.2978 0.0298 0.2962 0.0031 
1 0.5094 0.0972 0.4922 0.1238 0.4890 0.1740 0.5219 0.1928 0.5784 0.1912 0.5940 0.1912 0.5674 0.1301 0.5125 0.0784 
1 0.9984 0.2100 0.9498 0.2006 0.9357 0.1959 0.9201 0.1630 0.8793 0.1348 0.8574 0.0987 0.7978 0.0705 0.7790 0.0737 0.7790 0.0987 0.7382 0.1034 0.6912 0.1176 0.6520 0.1348 0.6129 0.1285 0.5690 0.0737 0.5721 0.0470 0.5376 0.0016 0.9984 0.0047 
2 0.4702 0.7194 0.4953 0.7633 0.5063 0.8041 0.5204 0.8699 0.5455 0.9639 0.5564 0.9984 0.5737 0.9969 0.5502 0.9216 0.5329 0.8527 0.5125 0.7649 0.4969 0.7210 
2 0.5580 0.6991 0.5188 0.6755 0.4592 0.6505 0.4671 0.5721 0.4765 0.4843 0.5063 0.3339 0.5376 0.1975 0.5564 0.2038 0.5361 0.3088 0.5094 0.4373 0.4906 0.5423 0.4875 0.6489 0.5627 0.6850 
0 0.5705 0.6426 0.5596 0.6614 0.5470 0.6489 0.5376 0.6348 0.5345 0.5862 0.5376 0.5643 0.5502 0.5235 0.5752 0.4906 0.5972 0.4655 0.6207 0.4467 0.6379 0.4248 0.6646 0.4044 0.6771 0.3966 0.6755 0.4185 0.6567 0.4530 0.6348 0.4734 0.6129 0.4875 0.6034 0.4969 0.5878 0.5188 0.5752 0.5361 0.5690 0.5627 
0 0.6254 0.3386 0.6129 0.3621 0.6050 0.3746 0.5878 0.4232 0.5815 0.4342 0.5658 0.4749 0.5533 0.4969 0.5455 0.5110 0.5392 0.5078 0.5345 0.5000 0.5361 0.4749 0.5486 0.4467 0.5627 0.4122 0.5784 0.3715 0.5956 0.3558 0.6082 0.3197 0.6207 0.2994 0.6301 0.2821 0.6285 0.2633 0.6301 0.2555 0.6426 0.2508 0.6599 0.2461 0.6850 0.2398 0.7038 0.2445 0.7006 0.2524 0.6834 0.2618 0.6693 0.2743 0.6583 0.2837 0.6505 0.2962 
5 0.0000 0.0016 0.2931 0.0047 0.3119 0.2006 0.2273 0.3683 0.2273 0.3934 0.2492 0.5893 0.2367 0.6191 0.2524 0.6567 0.3260 0.7414 0.3150 0.8417 0.3213 0.8511 0.3307 0.8793 0.3276 0.9984 0.0000 0.9969 
4 0.8887 0.1755 0.8480 0.1755 0.7978 0.1818 0.7633 0.1959 0.7351 0.2147 0.7038 0.2429 0.6771 0.2868 0.6614 0.3260 0.6473 0.3871 0.6332 0.4671 0.6254 0.5361 0.6285 0.5987 0.6348 0.6395 0.6489 0.6944 0.6677 0.7633 0.6912 0.8448 0.7132 0.8997 0.7367 0.9687 0.7445 0.9984 0.6003 0.9969 0.5627 0.8589 0.5282 0.6881 0.5125 0.6003 0.5094 0.5031 0.5188 0.4373 0.5345 0.3809 0.5502 0.3245 0.5658 0.2743 0.5987 0.2085 0.6332 0.1724 0.6755 0.1379 0.7304 0.1160 0.7696 0.1066 0.8041 0.1019 0.8401 0.1019 0.8636 0.1144 
