0 0.2727 0.4843 0.2712 0.5157 0.2774 0.5596 0.2806 0.5799 0.2696 0.5909 0.2555 0.5846 0.2257 0.5251 0.2241 0.5094 0.1959 0.5235 0.2006 0.5251 0.1834 0.5345 0.1552 0.5282 0.1332 0.5298 0.1019 0.5188 0.0940 0.5439 0.0784 0.5423 0.0705 0.5000 0.0768 0.4781 0.0878 0.4718 0.1050 0.4796 0.1442 0.4875 0.1708 0.4906 0.1991 0.4906 0.2367 0.4796 0.2445 0.4718 0.2461 0.4545 0.2743 0.4483 0.2806 0.4357 0.2947 0.4248 0.3150 0.4248 0.3276 0.4107 0.3417 0.4122 0.3370 0.3997 0.3354 0.3887 0.3464 0.3887 0.3699 0.3887 0.3997 0.4028 0.4044 0.3871 0.4232 0.3871 0.4483 0.3871 0.4718 0.3966 0.4922 0.4028 0.5078 0.4091 0.5470 0.4044 0.5721 0.4028 0.5909 0.4013 0.6129 0.3887 0.6254 0.3934 0.6379 0.4028 0.6411 0.4248 0.6332 0.4404 0.6160 0.4467 0.5940 0.4530 0.5705 0.4577 0.5502 0.4530 0.5282 0.4530 0.4749 0.4545 0.4420 0.4498 0.4107 0.4498 0.3809 0.4498 0.3464 0.4514 0.3213 0.4592 0.2978 0.4718 
2 0.2241 0.6176 0.1928 0.6301 0.1317 0.6348 0.0768 0.6301 0.0251 0.6176 0.0016 0.6113 0.0016 0.5972 0.0251 0.6066 0.0627 0.6129 0.0956 0.6207 0.1270 0.6223 0.1677 0.6176 0.2085 0.6003 
4 0.9984 0.3135 0.9483 0.3636 0.8903 0.4154 0.7837 0.4906 0.6912 0.5439 0.5627 0.5972 0.4624 0.6223 0.3683 0.6411 0.2759 0.6536 0.1912 0.6552 0.1223 0.6505 0.0799 0.6411 0.0392 0.6285 0.0016 0.6160 0.0016 0.5345 0.0455 0.5596 0.0878 0.5752 0.1458 0.5831 0.1865 0.5815 0.2194 0.5752 0.2837 0.5596 0.3668 0.5423 0.4279 0.5251 0.4875 0.5047 0.6003 0.4655 0.6834 0.4248 0.7571 0.3762 0.8370 0.3088 0.8966 0.2555 0.9545 0.1928 0.9969 0.2476 
6 0.3918 0.5251 0.4028 0.5219 0.4169 0.5251 0.4279 0.5361 0.4404 0.5502 0.4592 0.5799 0.4467 0.5878 0.4232 0.5862 0.4107 0.5799 0.3762 0.5799 0.3621 0.5643 0.3495 0.5878 0.3307 0.6160 0.3197 0.6176 0.3119 0.5972 0.3197 0.5721 0.3135 0.5611 0.3135 0.5408 0.3448 0.5094 0.3558 0.5266 0.3840 0.5282 
6 0.8292 0.2445 0.8417 0.2712 0.8417 0.2915 0.8448 0.3041 0.8636 0.3088 0.8793 0.3041 0.8981 0.2978 0.8966 0.2868 0.8824 0.2837 0.8746 0.2712 0.8715 0.2571 0.8542 0.2555 0.8386 0.2524 
6 0.8386 0.1881 0.8417 0.2069 0.8448 0.2226 0.8480 0.2288 0.8558 0.2320 0.8558 0.2398 0.8589 0.2508 0.8668 0.2586 0.8777 0.2633 0.8903 0.2759 0.8997 0.2806 0.9091 0.2790 0.9122 0.2727 0.9060 0.2602 0.8966 0.2445 0.8840 0.2398 0.8762 0.2288 0.8683 0.2085 0.8558 0.2006 
6 0.8871 0.1975 0.8871 0.2132 0.8903 0.2273 0.8966 0.2304 0.9028 0.2304 0.9060 0.2351 0.9091 0.2398 0.9107 0.2461 0.9169 0.2476 0.9232 0.2508 0.9279 0.2508 0.9310 0.2445 0.9326 0.2398 0.9326 0.2351 0.9310 0.2304 0.9248 0.2179 0.9154 0.2069 0.8997 0.1975 0.8887 0.1944 
6 0.7571 0.2382 0.7790 0.2712 0.7931 0.2962 0.8119 0.3229 0.8245 0.3307 0.8448 0.3370 0.8527 0.3307 0.8495 0.3213 0.8386 0.3135 0.8213 0.2947 0.7962 0.2602 0.7712 0.2335 0.7571 0.2085 0.7508 0.2038 0.7429 0.2085 0.7414 0.2194 
3 0.9969 0.5909 0.7085 0.6489 0.4624 0.6944 0.3762 0.7069 0.3574 0.7069 0.3135 0.7116 0.2069 0.7351 0.0000 0.7790 0.0000 1.0000 0.5000 0.9984 0.4875 0.9859 0.5047 0.9734 0.6740 0.9389 0.6787 0.9326 0.6803 0.9201 0.6066 0.8354 0.6034 0.8307 0.6066 0.8245 0.6129 0.8166 0.6223 0.8135 0.6332 0.8072 1.0000 0.7320 
5 0.9984 0.7884 0.9984 0.8997 0.9530 0.9295 0.9044 0.9984 0.5157 0.9984 0.6850 0.9420 
5 0.9969 0.7665 0.6536 0.8072 0.9969 0.7382 
1 0.9969 0.9984 0.9122 0.9969 0.9561 0.9342 0.9984 0.9044 
1 0.7539 0.0047 0.8401 0.1082 0.9044 0.1834 0.9373 0.1928 0.9765 0.1897 0.9969 0.1850 0.9969 0.1442 0.9655 0.1583 0.9326 0.1505 0.8260 0.0047 
5 0.9953 0.0047 0.8323 0.0031 0.9389 0.1442 0.9639 0.1520 0.9953 0.1379 
