0 0.4498 0.4592 0.4937 0.4592 0.5219 0.4671 0.5564 0.4828 0.5721 0.4937 0.5799 0.5063 0.5909 0.5251 0.5972 0.5408 0.6129 0.5439 0.6254 0.5439 0.6301 0.5313 0.6285 0.5141 0.6223 0.4937 0.6082 0.4796 0.5721 0.4498 0.5361 0.4342 0.4906 0.4295 0.4624 0.4295 0.4451 0.4373 0.4373 0.4498 
2 0.7759 0.4122 0.7665 0.4326 0.8652 0.4655 0.9984 0.2712 0.9969 0.2367 0.8495 0.4342 
2 0.7241 0.5564 0.7382 0.5251 0.7508 0.4969 0.7743 0.4749 0.7821 0.4718 0.8135 0.4937 0.8292 0.5078 0.8401 0.5047 0.8558 0.4937 0.8715 0.4875 0.9044 0.5251 0.9498 0.5784 0.9624 0.5737 0.9295 0.5376 0.9013 0.4984 0.8762 0.4781 0.8574 0.4749 0.8433 0.4843 0.8307 0.4922 0.8025 0.4702 0.7821 0.4577 0.7602 0.4624 0.7445 0.4843 0.7241 0.5157 0.7163 0.5408 
2 0.6144 0.4122 0.5329 0.4122 0.4357 0.4122 0.3433 0.4248 0.3197 0.4937 0.3103 0.4875 0.3276 0.4154 0.3370 0.3981 0.4671 0.3840 0.5486 0.3809 0.6207 0.3871 
2 0.0031 0.5784 0.0345 0.5580 0.0517 0.5533 0.0643 0.5408 0.1050 0.5219 0.1865 0.4828 0.2524 0.4436 0.2727 0.4248 0.2555 0.4185 0.2273 0.4279 0.1850 0.4404 0.1583 0.4577 0.0893 0.5000 0.0361 0.5298 0.0016 0.5470 
2 0.5251 0.6066 0.5047 0.6818 0.4248 0.9044 0.3871 0.9969 0.3715 0.9969 0.5094 0.6003 
1 0.1708 0.6285 0.1254 0.6614 0.0627 0.6912 0.0643 0.7053 0.1975 0.6991 0.2163 0.7226 0.1740 0.7414 0.1975 0.7680 0.1567 0.7994 0.1708 0.8166 0.1332 0.8495 0.1552 0.8668 0.1364 0.8824 0.1442 0.8981 0.1270 0.9232 0.1066 0.9498 0.1003 0.9906 0.1442 0.9984 0.1755 0.9639 0.1520 0.9357 0.1567 0.9201 0.1834 0.9154 0.1850 0.9028 0.1583 0.8950 0.1803 0.8856 0.1912 0.8636 0.2179 0.8495 0.1803 0.8292 0.1944 0.8135 0.2241 0.8009 0.2179 0.7696 0.2320 0.7633 0.2429 0.7445 0.2116 0.7367 0.2618 0.7100 0.2241 0.6975 0.2524 0.6411 
3 0.1677 0.2774 0.1912 0.2006 0.2226 0.1834 0.2555 0.1787 0.4483 0.1113 0.4592 0.1113 0.4749 0.1129 0.4749 0.1207 0.4749 0.1473 0.4749 0.1630 0.4749 0.1834 0.4828 0.1881 0.5016 0.1912 0.5423 0.1818 0.9984 0.0141 0.9984 0.1301 0.7476 0.2210 0.6317 0.2586 0.5846 0.2712 0.5533 0.2931 0.4984 0.3182 0.4122 0.3433 0.2821 0.3824 0.0016 0.4561 0.0031 0.4216 0.2586 0.3589 0.4498 0.3041 0.5564 0.2727 0.6646 0.2367 0.7085 0.2241 0.7022 0.2179 0.6630 0.2257 0.5658 0.2524 0.5517 0.2398 0.4608 0.2633 0.3824 0.2179 0.3276 0.2304 0.3307 0.2398 0.2649 0.2555 0.2335 0.2508 0.1803 0.2868 
6 0.9953 0.1505 0.9420 0.2712 0.8809 0.3589 0.8370 0.4154 0.7790 0.4107 0.7445 0.4279 0.7398 0.4483 0.7210 0.4969 0.7241 0.5439 0.7241 0.5878 0.7586 0.6552 0.7649 0.6630 0.7524 0.6724 0.7382 0.6755 0.7508 0.7210 0.7398 0.7837 0.6944 0.9498 0.6787 0.9984 0.4734 0.9984 0.5078 0.9154 0.4812 0.8009 0.5078 0.7304 0.5517 0.6818 0.5329 0.6223 0.5235 0.5987 0.5768 0.5846 0.6113 0.5972 0.5987 0.5784 0.5658 0.5752 0.5392 0.5643 0.5345 0.5470 0.5094 0.5376 0.5172 0.5282 0.5533 0.5313 0.5862 0.5439 0.6176 0.5502 0.6364 0.5502 0.6332 0.5282 0.6270 0.5000 0.5987 0.4734 0.5862 0.4467 0.5987 0.4263 0.6254 0.3981 0.6113 0.3589 0.6364 0.2571 0.9984 0.1348 
1 0.0016 0.3417 0.0643 0.3245 0.1317 0.3182 0.2351 0.3072 0.3307 0.3041 0.4624 0.2680 0.3871 0.2257 0.3339 0.2351 0.3323 0.2461 0.2680 0.2586 0.2320 0.2555 0.1834 0.2900 0.1646 0.2837 0.1332 0.2947 0.0110 0.3150 
1 0.5533 0.1207 0.6724 0.1301 0.5298 0.1818 0.4906 0.1834 
5 0.0956 0.9969 0.0016 0.9984 0.0000 0.7257 0.0110 0.7194 0.0455 0.7116 0.0799 0.7100 0.1771 0.7038 0.1928 0.7038 0.2116 0.7241 0.1708 0.7398 0.1944 0.7696 0.1505 0.7994 0.1677 0.8197 0.1270 0.8511 0.1489 0.8668 0.1317 0.8824 0.1379 0.8997 0.1034 0.9483 
5 0.0016 0.0031 0.9953 0.0016 0.9969 0.0141 0.6755 0.1270 0.4451 0.1050 0.2492 0.1771 0.2053 0.1803 0.1803 0.1991 0.1599 0.2790 0.0016 0.3119 
4 0.8856 0.9044 0.9107 0.8668 0.9216 0.8197 0.9232 0.7774 0.9013 0.7320 0.8746 0.6944 0.8339 0.6505 0.7602 0.5972 0.6693 0.5517 0.5784 0.5313 0.4828 0.5251 0.3871 0.5408 0.2962 0.5768 0.1865 0.6223 0.0862 0.6724 0.0016 0.7132 0.0031 0.6223 0.0768 0.5831 0.1364 0.5564 0.2132 0.5141 0.3072 0.4702 0.3668 0.4436 0.4342 0.4310 0.4843 0.4263 0.5611 0.4310 0.6207 0.4342 0.6912 0.4498 0.7602 0.4718 0.8292 0.5094 0.8730 0.5502 0.9216 0.6270 0.9545 0.7241 0.9577 0.8041 0.9232 0.8918 0.8840 0.9404 0.8730 0.9483 
