6 0.7163 0.7492 0.6850 0.7398 0.6708 0.7226 0.6677 0.7508 0.6755 0.7633 0.6520 0.7790 0.5987 0.7445 0.6129 0.7821 0.6458 0.8009 0.6364 0.8370 0.6270 0.8574 0.6599 0.8605 0.6207 0.9984 0.6583 1.0000 0.7147 0.8793 0.7398 0.9545 0.7696 0.9467 0.7539 0.8793 0.7508 0.8652 0.7727 0.8370 0.7931 0.8088 0.7759 0.7837 0.7288 0.7539 0.7727 0.6724 0.7571 0.6677 
1 0.9969 0.5470 0.8950 0.6520 0.9953 0.7085 
1 0.9937 0.7555 0.9718 0.7398 0.8793 0.7586 0.8339 0.7837 0.7868 0.8683 0.7304 0.9969 0.7931 0.9969 0.8636 0.8150 0.8887 0.7962 1.0000 0.7743 
3 0.0016 0.5611 0.1113 0.5564 0.2398 0.5486 0.3871 0.5329 0.5580 0.5094 0.6473 0.4906 0.9984 0.4357 0.9969 0.2837 0.6897 0.3480 0.6865 0.3448 0.7022 0.3245 0.8339 0.2821 0.8292 0.2790 0.5831 0.2476 0.5486 0.2414 0.3762 0.2790 0.3605 0.2821 0.3448 0.2759 0.3307 0.2727 0.3088 0.2806 0.2900 0.2947 0.2759 0.3307 0.2602 0.3668 0.2476 0.3903 0.2257 0.4028 0.1928 0.3997 0.0940 0.3887 0.0815 0.4013 0.0737 0.4044 0.0439 0.4138 0.0016 0.4169 
5 0.0016 0.0047 0.0016 0.4138 0.0658 0.4044 0.0878 0.3824 0.2226 0.3981 0.2665 0.3197 0.2821 0.3025 0.2947 0.2837 0.3307 0.2665 0.3730 0.2759 0.5549 0.2335 0.8480 0.2774 0.8339 0.2884 0.7022 0.3323 0.7053 0.3386 0.9937 0.2790 0.9969 0.0047 
0 0.2633 0.6787 0.2445 0.7022 0.2445 0.7147 0.2696 0.7147 0.2931 0.6991 0.3182 0.6818 0.3464 0.6755 0.3589 0.6693 0.3934 0.6567 0.4263 0.6473 0.4608 0.6379 0.4937 0.6379 0.5282 0.6364 0.5549 0.6332 0.5909 0.6379 0.6317 0.6442 0.6599 0.6442 0.6865 0.6520 0.7085 0.6583 0.7257 0.6583 0.7398 0.6536 0.7367 0.6426 0.7116 0.6332 0.6787 0.6254 0.6348 0.6160 0.5752 0.6113 0.5298 0.6113 0.4812 0.6129 0.4295 0.6223 0.3683 0.6348 0.3245 0.6489 
5 0.8009 0.9984 0.8668 0.8213 0.8950 0.8025 0.9122 0.7978 0.9984 0.7853 0.9984 0.9984 
1 0.0047 0.6755 0.0266 0.6614 0.0580 0.6505 0.0987 0.6379 0.1332 0.6238 0.1740 0.6176 0.1881 0.6034 0.1834 0.5878 0.1552 0.5784 0.1254 0.5846 0.0956 0.6003 0.0705 0.5956 0.0455 0.6066 0.0408 0.6191 0.0125 0.6113 0.0047 0.6191 
2 0.2790 0.5799 0.2038 0.5956 0.1928 0.5674 0.1426 0.5768 0.1473 0.5925 0.1787 0.5815 0.2132 0.6536 0.2429 0.6991 0.2508 0.6818 0.2210 0.6301 0.2163 0.6144 0.2853 0.6050 
2 0.7821 0.6473 0.7994 0.6489 0.8150 0.6442 0.8840 0.6787 0.9107 0.6975 0.9122 0.6661 0.8480 0.6348 0.8088 0.6176 
1 0.7790 0.4906 0.7821 0.5047 0.7915 0.5266 0.7806 0.5376 0.7508 0.5376 0.7147 0.5439 0.7116 0.5549 0.7335 0.5627 0.7696 0.5580 0.7915 0.5533 0.8103 0.5439 0.8260 0.5361 0.8276 0.5235 0.8197 0.5125 0.7868 0.4922 
1 0.9734 0.4420 0.9545 0.4514 0.9404 0.4671 0.9201 0.4937 0.9060 0.5031 0.8903 0.5219 0.8683 0.5392 0.8495 0.5517 0.8495 0.5658 0.8605 0.5690 0.8856 0.5705 0.8997 0.5596 0.9169 0.5439 0.9232 0.5361 0.9357 0.5298 0.9467 0.4953 0.9592 0.4781 0.9765 0.4765 0.9875 0.4718 0.9859 0.4545 
4 0.0016 0.7351 0.0313 0.7194 0.0893 0.6975 0.1677 0.6693 0.2006 0.6583 0.2539 0.6442 0.3260 0.6238 0.4060 0.6097 0.4953 0.6019 0.5690 0.6019 0.6505 0.6129 0.7288 0.6332 0.8056 0.6646 0.8762 0.7006 0.9169 0.7335 0.8245 0.7759 0.7774 0.7476 0.6944 0.7257 0.6223 0.7132 0.5674 0.7100 0.5219 0.7085 0.4545 0.7116 0.3730 0.7163 0.2821 0.7335 0.2335 0.7429 0.1771 0.7618 0.1050 0.7868 0.0455 0.8119 0.0000 0.8292 
