0 0.7304 0.4028 0.7038 0.4326 0.6693 0.4608 0.6223 0.4843 0.5658 0.5110 0.5141 0.5266 0.4749 0.5345 0.4310 0.5439 0.3934 0.5423 0.3793 0.5313 0.3903 0.5141 0.4075 0.5125 0.4248 0.5141 0.4561 0.5078 0.4922 0.4953 0.5219 0.4906 0.5549 0.4843 0.5799 0.4702 0.6082 0.4561 0.6411 0.4357 0.6724 0.4185 0.6755 0.3981 0.6912 0.3809 0.7006 0.3966 
2 0.0031 0.5157 0.0486 0.5408 0.0987 0.5564 0.1395 0.5031 0.1552 0.4608 0.1599 0.4420 0.1771 0.4498 0.1740 0.4937 0.1489 0.5470 0.1270 0.5768 0.1771 0.5752 0.2053 0.5784 0.2524 0.5784 0.2806 0.5784 0.3025 0.5862 0.3495 0.5956 0.3746 0.5972 0.3871 0.5721 0.4075 0.5313 0.4279 0.5298 0.4467 0.5784 0.5031 0.5643 0.5564 0.5533 0.6050 0.5408 0.6489 0.5298 0.7038 0.5110 0.7571 0.4969 0.8401 0.4718 0.9107 0.4467 0.9498 0.4357 0.9561 0.4498 0.9013 0.4655 0.8292 0.4922 0.7367 0.5204 0.6223 0.5533 0.5251 0.5784 0.4357 0.5972 0.4201 0.5658 0.3903 0.6113 0.3464 0.6129 0.2727 0.5972 0.1818 0.5972 0.1176 0.5893 0.1050 0.5831 0.1176 0.5596 0.0909 0.5799 0.0266 0.5502 0.0016 0.5376 
2 0.3730 0.0031 0.3574 0.0172 0.3589 0.0329 0.5502 0.3354 0.5799 0.3119 0.6191 0.2743 0.6285 0.2868 0.5940 0.3213 0.5643 0.3464 0.5423 0.3589 0.3339 0.0141 0.3464 0.0031 
1 0.1254 0.0016 0.2649 0.0031 0.2743 0.0329 0.3370 0.0486 0.3354 0.0862 0.3558 0.1332 0.3683 0.1583 0.3621 0.2022 0.3871 0.2179 0.4263 0.2273 0.4561 0.2712 0.4404 0.2962 0.3950 0.3197 0.3433 0.3276 0.3056 0.3307 0.2696 0.3213 0.2539 0.2759 0.2774 0.2571 0.2257 0.2241 0.2304 0.2116 0.2618 0.1959 0.2461 0.1740 0.1881 0.1520 0.1740 0.1317 0.1301 0.1317 0.1034 0.1426 0.0705 0.1395 0.0705 0.1238 0.0439 0.1191 0.0204 0.0862 0.0219 0.0799 0.0063 0.0987 0.0016 0.0627 0.0392 0.0564 0.0611 0.0549 0.0643 0.0705 0.1207 0.0752 0.1567 0.0862 0.1567 0.0533 0.1223 0.0580 
5 0.0047 0.3056 0.1097 0.3229 0.1991 0.3354 0.2774 0.3354 0.2100 0.2241 0.2147 0.1677 0.1019 0.1505 0.0580 0.1379 0.0596 0.1301 0.0172 0.0956 0.0016 0.1144 
5 0.0047 0.0031 0.0047 0.0486 0.0157 0.0517 0.0643 0.0502 0.0799 0.0627 0.1176 0.0580 0.1207 0.0423 0.0721 0.0172 0.0188 0.0110 0.0219 0.0031 
0 0.4906 0.0016 0.6066 0.1991 0.6379 0.2524 0.6630 0.2774 0.6912 0.2774 0.6755 0.2398 0.6442 0.1881 0.5925 0.0956 0.5580 0.0439 0.5251 0.0016 
1 0.9984 0.6567 0.5047 0.6912 0.4091 0.7116 0.0016 0.7382 0.0016 0.8856 0.1630 0.8903 0.2962 0.8856 0.2900 0.9075 0.4922 0.8950 0.5408 0.8652 0.7132 0.8574 0.7351 0.8386 0.6975 0.7727 0.7382 0.7571 0.9984 0.7414 
5 0.0016 0.9969 0.0031 0.8997 0.1458 0.8934 0.1583 0.9201 0.4937 0.8997 0.5423 0.8699 0.7335 0.8558 0.8417 0.7821 0.7743 0.7790 0.8260 0.7555 0.9984 0.7445 0.9984 0.9969 
4 0.8292 0.0047 0.8339 0.0470 0.8260 0.1144 0.8088 0.1708 0.7633 0.2445 0.7288 0.2915 0.7085 0.3166 0.6850 0.3386 0.6364 0.3746 0.6066 0.3966 0.5752 0.4169 0.5298 0.4279 0.4749 0.4342 0.4185 0.4404 0.3668 0.4436 0.3213 0.4436 0.2680 0.4404 0.2069 0.4248 0.1646 0.4154 0.1144 0.4044 0.0517 0.3997 0.0188 0.3840 0.0047 0.3746 0.0016 0.4796 0.0392 0.5016 0.0878 0.5172 0.1207 0.5266 0.1599 0.5408 0.2179 0.5470 0.2821 0.5470 0.3401 0.5502 0.3809 0.5502 0.4185 0.5533 0.4749 0.5470 0.5329 0.5345 0.6113 0.5094 0.6630 0.4812 0.7226 0.4451 0.7790 0.4044 0.8339 0.3495 0.8824 0.2696 0.9044 0.2069 0.9201 0.1395 0.9248 0.0893 0.9279 0.0408 0.9232 0.0016 
6 0.6301 0.1442 0.6928 0.0658 0.6944 0.0862 0.6787 0.1113 0.7038 0.1661 0.7006 0.2006 0.6865 0.2085 0.6661 0.1599 0.6567 0.1364 
