0 0.4561 0.1677 0.4404 0.2069 0.4514 0.2351 0.4451 0.2680 0.4389 0.2994 0.4451 0.3103 0.4326 0.3433 0.4342 0.3668 0.4357 0.3903 0.4279 0.4201 0.3981 0.4843 0.3715 0.5329 0.3417 0.5956 0.3166 0.6630 0.2994 0.7147 0.2962 0.7680 0.2994 0.7837 0.3072 0.7884 0.3166 0.7853 0.3245 0.7680 0.3480 0.6897 0.3699 0.6442 0.3966 0.5940 0.4060 0.5627 0.4169 0.5408 0.4232 0.5533 0.4201 0.5799 0.4248 0.6019 0.4091 0.6270 0.4122 0.6442 0.3918 0.6646 0.3730 0.6959 0.3762 0.7226 0.3856 0.7398 0.4122 0.7539 0.4357 0.7492 0.4765 0.7147 0.5204 0.6458 0.5282 0.6019 0.5298 0.5251 0.5110 0.4812 0.5016 0.4138 0.4890 0.3856 0.4875 0.3339 0.4984 0.3009 0.4890 0.2727 0.4859 0.2461 0.4984 0.2273 0.5125 0.2147 0.5000 0.1881 0.4796 0.1630 0.4922 0.1301 0.4875 0.1144 0.4687 0.0862 
1 0.0580 0.8777 0.0627 0.9498 0.0909 0.9875 0.1066 0.9984 0.2273 0.9984 0.2320 0.9765 0.2006 0.9561 0.2085 0.9342 0.1520 0.9091 0.1661 0.8809 0.2100 0.9013 0.2085 0.8542 0.1740 0.8072 0.1536 0.8527 0.1270 0.8762 0.1097 0.8887 0.0674 0.8668 
1 0.0172 0.8730 0.0361 0.8229 0.0470 0.8229 0.0674 0.7837 0.0705 0.7633 0.0282 0.7461 0.0063 0.7461 0.0016 0.8417 
1 0.0392 0.7288 0.0768 0.7586 0.0940 0.7555 0.1066 0.7445 0.0862 0.7367 0.0517 0.7022 
1 0.1818 0.6317 0.1834 0.6677 0.2022 0.6646 0.2241 0.6614 0.2367 0.6567 0.2398 0.6458 0.2163 0.6207 
3 0.1458 0.0016 0.1426 0.0423 0.1317 0.1003 0.1176 0.1818 0.1003 0.2633 0.0737 0.3558 0.0455 0.4545 0.0016 0.5831 0.0016 0.0016 
1 0.0000 0.8966 0.0016 0.8934 0.0016 0.9984 0.0596 0.9984 
1 0.3762 0.9404 0.4044 0.9969 0.3699 0.9984 0.3417 0.9201 0.4169 0.8856 0.5361 0.8339 0.8150 0.7821 0.9984 0.7524 1.0000 0.7884 0.8699 0.8088 0.7712 0.8339 0.6489 0.8480 0.5580 0.8652 0.4922 0.8934 0.3887 0.9185 
4 0.4091 0.0047 0.3997 0.0658 0.3605 0.2524 0.3307 0.4013 0.3009 0.5549 0.2853 0.6176 0.2727 0.6834 0.2727 0.7524 0.2759 0.8229 0.2853 0.8589 0.3150 0.9263 0.3401 0.9530 0.3495 0.9044 0.3730 0.8903 0.4044 0.8762 0.3981 0.7994 0.4122 0.7304 0.4655 0.4890 0.5063 0.2696 0.5235 0.1364 0.5439 0.0031 
5 0.4122 0.9969 0.3903 0.9357 0.5251 0.8966 0.5643 0.8699 0.9969 0.8009 0.9937 0.9922 
