1 0.0831 0.0611 0.2257 0.1865 0.3307 0.1379 0.3354 0.1583 0.2837 0.1818 0.3150 0.2241 0.4232 0.1818 0.4545 0.1348 0.5016 0.1270 0.5329 0.1442 0.6332 0.0486 0.7147 0.0408 0.7069 0.0313 0.6426 0.0078 0.5564 0.0219 0.5376 0.0470 0.3934 0.0596 0.4091 0.0172 0.3339 0.0078 0.0815 0.0470 
1 0.8339 0.0047 0.9984 0.0016 0.9984 0.1458 0.9138 0.0799 0.9436 0.0580 0.9451 0.0313 0.8370 0.0172 
1 0.0047 0.6332 0.0831 0.5658 0.1379 0.5831 0.1254 0.6755 0.1583 0.7132 0.0157 0.9687 0.0031 0.9577 
1 0.1599 0.7006 0.1661 0.7085 0.2022 0.6567 0.3072 0.4922 0.3448 0.4498 0.3495 0.4310 0.3574 0.4310 0.3777 0.4373 0.3793 0.4624 0.4013 0.4216 0.4138 0.4169 0.4185 0.4279 0.4169 0.4436 0.4028 0.4545 0.3934 0.4530 0.3887 0.4639 0.4044 0.4969 0.4169 0.4922 0.4091 0.4545 0.4185 0.4483 0.4295 0.4624 0.4342 0.4969 0.4075 0.5110 0.4169 0.5235 0.4342 0.5219 0.4530 0.5361 0.4702 0.5423 0.6050 0.8041 0.6270 0.8056 0.6458 0.7978 0.7382 0.9796 0.7555 0.9796 0.7445 0.9577 0.6693 0.8135 0.6583 0.7837 0.6364 0.7571 0.6176 0.7085 0.6003 0.6865 0.5878 0.6567 0.5690 0.6238 0.5549 0.6082 0.5517 0.5893 0.5376 0.5627 0.5188 0.5313 0.4781 0.4890 0.4498 0.4953 0.4451 0.4624 0.4169 0.4044 0.3934 0.3871 0.3699 0.3981 0.3166 0.4498 0.2978 0.4687 0.1708 0.6536 
5 0.0125 0.9937 0.3182 0.4890 0.3574 0.4467 0.4091 0.5313 0.4639 0.5517 0.5987 0.8135 0.6426 0.8135 0.7100 0.9796 0.7571 0.9828 0.8574 0.9107 0.9639 0.8668 0.9969 0.8605 0.9953 0.9969 
1 0.0721 0.3088 0.0799 0.3323 0.0862 0.3480 0.1050 0.3433 0.1129 0.3417 0.1332 0.3527 0.1426 0.3621 0.1364 0.3730 0.1442 0.3856 0.1520 0.4028 0.1614 0.4091 0.1646 0.3981 0.1693 0.3903 0.1724 0.3871 0.1567 0.3715 0.1583 0.3527 0.1630 0.3433 0.1458 0.3307 0.1223 0.3197 0.1160 0.3307 0.0940 0.3009 
6 0.4545 0.4091 0.4796 0.4781 0.4937 0.4922 0.5392 0.5533 0.5690 0.6082 0.6270 0.5784 0.6285 0.5470 0.6082 0.4953 0.5799 0.4232 0.5956 0.3840 0.5658 0.3197 
2 0.2053 0.3072 0.2665 0.2774 0.3276 0.2492 0.3966 0.2194 0.4796 0.1975 0.5705 0.1787 0.6348 0.1661 0.7226 0.1583 0.7241 0.1458 0.6567 0.1489 0.5846 0.1583 0.4906 0.1740 0.4028 0.1975 0.3464 0.2241 0.2586 0.2539 0.2132 0.2821 0.1881 0.2962 
2 0.2288 0.3699 0.2085 0.4075 0.1928 0.4498 0.1787 0.4843 0.1724 0.5219 0.1677 0.5846 0.1677 0.6505 0.1944 0.6207 0.1881 0.5674 0.1928 0.5110 0.2038 0.4749 0.2194 0.4310 0.2382 0.3934 0.2571 0.3668 0.2320 0.3574 
0 0.2759 0.3652 0.2947 0.3621 0.3182 0.3511 0.3401 0.3433 0.3511 0.3433 0.3715 0.3433 0.3730 0.3292 0.3542 0.3213 0.3260 0.3135 0.2962 0.3182 0.2680 0.3307 0.2586 0.3448 0.2633 0.3636 
0 0.4013 0.2727 0.4216 0.2806 0.4451 0.2806 0.4702 0.2696 0.4859 0.2586 0.5078 0.2476 0.5219 0.2382 0.5408 0.2304 0.5752 0.2241 0.5940 0.2179 0.6238 0.2163 0.6646 0.2116 0.6991 0.2100 0.7414 0.2022 0.7618 0.2116 0.7743 0.2116 0.7743 0.1959 0.7633 0.1834 0.7476 0.1708 0.7398 0.1599 0.7226 0.1630 0.7163 0.1661 0.6803 0.1630 0.6583 0.1693 0.6489 0.1818 0.6379 0.1850 0.6285 0.1834 0.6223 0.1740 0.6066 0.1787 0.5627 0.1881 0.5204 0.1991 0.4828 0.2038 0.4624 0.2132 0.4357 0.2257 0.4075 0.2461 0.3950 0.2633 
2 0.7414 0.1379 0.8229 0.1505 0.8652 0.1583 0.9169 0.1677 0.9969 0.1865 0.9984 0.1708 0.9624 0.1646 0.9044 0.1505 0.8542 0.1411 0.7978 0.1364 0.7398 0.1270 
3 0.0031 0.0266 0.1630 0.0204 0.3182 0.0078 0.4420 0.0047 0.4875 0.0016 0.0016 0.0016 
4 0.2132 0.6144 0.2116 0.5768 0.2163 0.4828 0.2461 0.4201 0.2743 0.3683 0.3433 0.3041 0.3887 0.2759 0.4608 0.2304 0.5564 0.2006 0.6991 0.1724 0.7602 0.1614 0.8103 0.1630 0.8730 0.1693 0.9389 0.1818 0.9969 0.1928 0.9984 0.2571 0.8934 0.2414 0.8103 0.2320 0.7445 0.2304 0.6881 0.2398 0.6113 0.2571 0.5298 0.2868 0.4671 0.3197 0.4028 0.3589 0.3589 0.3997 0.3166 0.4514 0.3025 0.4890 
1 0.6426 0.7273 0.6599 0.7429 0.6661 0.7571 0.6630 0.7743 0.6771 0.7837 0.6834 0.7978 0.6850 0.8088 0.6928 0.8119 0.6944 0.8276 0.7069 0.8417 0.7116 0.7978 0.7069 0.7774 0.6912 0.7649 0.6959 0.7539 0.6897 0.7382 0.6818 0.7445 0.6803 0.7367 0.6818 0.7226 0.6583 0.7132 
1 0.7163 0.8323 0.7116 0.8542 0.7100 0.8856 0.7116 0.9044 0.7304 0.9216 0.7445 0.9216 0.7476 0.9060 0.7429 0.8997 0.7367 0.9091 0.7304 0.9028 0.7320 0.8746 0.7257 0.8621 0.7304 0.8401 0.7304 0.8292 
