3 0.3699 0.0016 0.0580 0.0016 0.0486 0.1019 0.0392 0.1207 0.0313 0.1364 0.0235 0.1442 0.0188 0.1505 0.0219 0.1583 0.0298 0.1708 0.0423 0.1787 0.0690 0.1865 0.0972 0.1928 0.1223 0.1991 0.1301 0.2069 0.1332 0.2194 0.1270 0.2414 0.1144 0.2712 0.0862 0.3213 0.0784 0.3401 0.0862 0.3668 0.0831 0.3887 0.0235 0.5298 0.0016 0.5815 0.0016 0.9091 0.0815 0.7633 0.1755 0.5627 0.2743 0.3150 0.3276 0.1583 
0 0.5564 0.1207 0.5596 0.1332 0.5439 0.1379 0.5204 0.1458 0.5078 0.1458 0.5031 0.1505 0.5063 0.1630 0.5031 0.1803 0.4922 0.1771 0.4781 0.1850 0.4671 0.1803 0.4545 0.2085 0.4687 0.2053 0.4843 0.2053 0.4843 0.2163 0.4812 0.2382 0.4749 0.2602 0.4687 0.2743 0.4608 0.2821 0.4467 0.2994 0.4248 0.2884 0.4467 0.2712 0.4545 0.2618 0.4561 0.2429 0.4592 0.2304 0.4718 0.2179 0.4592 0.2179 0.4467 0.2210 0.4389 0.2116 0.4514 0.1803 0.4624 0.1708 0.4812 0.1661 0.4937 0.1599 0.4969 0.1458 0.4937 0.1379 0.5157 0.1332 0.5376 0.1191 0.5502 0.1191 
6 0.4592 0.2994 0.7633 0.4028 0.9969 0.4859 0.9984 0.3103 0.5533 0.1301 0.5125 0.1505 0.5078 0.1850 0.4749 0.1944 0.4875 0.2069 0.4828 0.2445 
1 0.5533 0.3495 0.5282 0.3527 0.5000 0.4013 0.4937 0.4514 0.5031 0.5000 0.5423 0.5125 0.5972 0.4984 0.6332 0.4561 0.6505 0.4906 0.6693 0.5063 0.7163 0.5329 0.7837 0.5455 0.8793 0.5376 0.8966 0.5313 0.8966 0.4875 0.8699 0.4530 0.8135 0.4201 0.7524 0.4060 0.6630 0.3824 0.6160 0.3574 0.5721 0.3683 
1 0.9922 0.5329 0.9608 0.5690 0.9467 0.5972 0.9671 0.6317 0.9969 0.6442 
1 0.7382 0.6520 0.7038 0.6881 0.6693 0.7100 0.6223 0.7398 0.5470 0.7759 0.4530 0.8213 0.4295 0.8448 0.4420 0.8777 0.4624 0.9044 0.4357 0.9295 0.4091 0.9953 0.7586 0.9969 0.7586 0.8730 0.7884 0.8574 0.8213 0.9922 0.9577 0.9937 0.9969 0.9765 1.0000 0.7743 0.8918 0.6818 0.8260 0.7100 0.7696 0.7038 
1 0.5940 0.1144 0.5705 0.1082 0.5611 0.1285 0.5972 0.1442 0.6442 0.1599 0.7132 0.1740 0.6834 0.1458 
1 0.8323 0.2085 0.7868 0.1897 0.7649 0.2006 0.8119 0.2241 0.8777 0.2492 0.9373 0.2696 0.9953 0.2915 0.9984 0.2633 0.9404 0.2335 0.9028 0.2304 0.8793 0.2257 
5 0.9969 0.0016 0.9984 0.2508 0.7038 0.1395 0.5345 0.0831 0.5031 0.0674 0.4906 0.0627 0.4749 0.0423 0.4624 0.0533 0.4545 0.0423 0.4451 0.0423 0.4326 0.0737 0.4122 0.0831 0.4154 0.0862 0.4248 0.0831 0.4248 0.0909 0.4122 0.1050 0.3918 0.1364 0.3840 0.1614 0.3574 0.2571 0.3213 0.3950 0.2900 0.5439 0.2508 0.7226 0.2147 0.8950 0.2116 0.9592 0.1991 0.9781 0.1959 0.9969 0.0016 0.9984 0.0016 0.9122 0.1207 0.7053 0.1724 0.5909 0.2241 0.4655 0.2790 0.3213 0.3401 0.1364 0.3746 0.0016 
5 0.0016 0.0031 0.0016 0.5737 0.0768 0.3887 0.0815 0.3589 0.0658 0.3636 0.0768 0.3464 0.0705 0.3370 0.0846 0.3056 0.0831 0.1959 0.0345 0.1818 0.0188 0.1740 0.0110 0.1505 0.0266 0.1364 0.0361 0.1176 0.0486 0.0627 0.0549 0.0047 
4 0.3135 0.9922 0.3574 0.7947 0.3871 0.6285 0.4169 0.4624 0.4498 0.3088 0.4781 0.1646 0.5031 0.1191 0.5204 0.0862 0.5000 0.0705 0.4734 0.0502 0.4655 0.0580 0.4498 0.0486 0.4420 0.0658 0.4373 0.0799 0.4154 0.1129 0.3950 0.1442 0.3809 0.2006 0.3433 0.3370 0.3135 0.4718 0.2884 0.6066 0.2116 0.9922 
