3 0.6301 0.0016 0.6426 0.1003 0.6630 0.2492 0.6928 0.4937 0.6850 0.5345 0.6881 0.6003 0.7006 0.6944 0.7194 0.8433 0.7335 0.9984 0.8292 0.9984 0.8119 0.8762 0.8056 0.8166 0.8103 0.8166 0.8135 0.8009 0.7868 0.6113 0.7712 0.4828 0.7524 0.3966 0.7382 0.2868 0.7257 0.2241 0.7179 0.2414 0.7100 0.2680 0.7038 0.2649 0.6975 0.2273 0.6693 0.0768 0.6630 0.0016 
0 0.2931 0.4060 0.3276 0.4404 0.3746 0.4687 0.4091 0.4875 0.4373 0.5063 0.4530 0.5172 0.4718 0.5423 0.4922 0.5658 0.5047 0.5846 0.5188 0.5956 0.5298 0.5909 0.5251 0.5721 0.5125 0.5502 0.4922 0.5172 0.4937 0.5031 0.4859 0.4655 0.4781 0.4295 0.4624 0.3966 0.4451 0.3683 0.4279 0.3574 0.4216 0.3511 0.4185 0.3401 0.4154 0.3307 0.4060 0.3182 0.3652 0.2931 0.3448 0.2712 0.3276 0.2571 0.3119 0.2461 0.3056 0.2210 0.2931 0.2163 0.2806 0.2241 0.2821 0.2398 0.2853 0.2524 0.2806 0.2618 0.2649 0.2774 0.2508 0.3229 0.2759 0.3307 0.3056 0.2962 0.3119 0.2837 0.3260 0.2947 0.3433 0.3072 0.3621 0.3166 0.3668 0.3276 0.3840 0.3401 0.3966 0.3527 0.4044 0.3621 0.4122 0.3715 0.4201 0.3918 0.4310 0.3934 0.4436 0.4075 0.4545 0.4310 0.4608 0.4404 0.4639 0.4577 0.4687 0.4671 0.4655 0.4843 0.4451 0.4655 0.4122 0.4467 0.3981 0.4373 0.3621 0.4216 0.3292 0.4122 0.3088 0.3934 0.2947 0.3871 0.2868 0.3824 
2 0.2241 0.3966 0.2649 0.4138 0.2947 0.4357 0.3339 0.4749 0.3527 0.4922 0.3245 0.5517 0.2759 0.6567 0.2492 0.7038 0.2147 0.7633 0.1818 0.8135 0.1489 0.7931 0.1034 0.7586 0.0674 0.7461 0.0611 0.7696 0.0940 0.7790 0.1426 0.8166 0.1897 0.8448 0.2492 0.7445 0.2947 0.6583 0.3292 0.5831 0.3621 0.5204 0.3730 0.4906 0.3574 0.4734 0.3339 0.4467 0.2994 0.4185 0.2712 0.3950 0.2508 0.3856 0.2241 0.3762 
6 0.2429 0.3197 0.2147 0.3621 0.1834 0.3934 0.1614 0.3966 0.1708 0.4216 0.1583 0.4404 0.1332 0.4545 0.1301 0.4828 0.1301 0.5000 0.1364 0.5251 0.1395 0.5423 0.1097 0.5972 0.0737 0.6176 0.0721 0.6505 0.0455 0.6630 0.0549 0.7022 0.0439 0.7398 0.0188 0.8041 0.0031 0.8448 0.0266 0.8589 0.0549 0.7931 0.0690 0.7602 0.0925 0.7492 0.1301 0.7539 0.1630 0.7414 0.1317 0.7100 0.1082 0.6897 0.1160 0.6567 0.1473 0.6646 0.1364 0.6379 0.1897 0.6066 0.1677 0.5596 0.2367 0.5266 0.2006 0.4639 0.2508 0.4467 0.2806 0.4279 0.2476 0.3746 0.2555 0.3495 0.2759 0.3558 0.2586 0.3417 
6 0.5063 0.0016 0.4781 0.0455 0.4263 0.1082 0.3871 0.1552 0.3871 0.1803 0.4279 0.1975 0.4749 0.1740 0.5282 0.0925 0.5768 0.0047 
1 0.4969 0.2006 0.4671 0.2539 0.4812 0.2868 0.5157 0.2947 0.5094 0.3103 0.5455 0.3339 0.5674 0.3464 0.6254 0.3589 0.6411 0.3417 0.6379 0.2868 0.6254 0.2680 0.6191 0.2288 0.5956 0.2179 0.5752 0.2132 0.5596 0.2147 0.5439 0.2288 0.5298 0.2085 0.5141 0.1991 
5 0.9984 0.9984 0.9984 0.8041 0.8119 0.8229 0.8323 0.9953 
5 0.9969 0.0016 0.6661 0.0016 0.6944 0.1771 0.7414 0.1426 0.7665 0.1473 0.7602 0.1834 0.7194 0.2132 0.7320 0.2210 0.7586 0.4044 0.8417 0.4436 0.9969 0.4357 
2 0.3589 0.1458 0.3840 0.1865 0.4279 0.2539 0.4749 0.3433 0.5141 0.4075 0.5533 0.5000 0.5705 0.5486 0.5141 0.5251 0.5282 0.5564 0.6019 0.5752 0.5831 0.5266 0.5627 0.4639 0.5345 0.3887 0.4781 0.2900 0.4373 0.2335 0.3950 0.1724 0.3777 0.1473 
2 0.5251 0.6003 0.5752 0.6191 0.5658 0.7194 0.5549 0.7947 0.5408 0.8668 0.5031 0.8448 0.4969 0.8605 0.5313 0.8950 0.5063 0.9984 0.5204 0.9984 0.5455 0.8871 0.5313 0.8762 0.5486 0.8824 0.5627 0.8182 0.5799 0.7508 0.5846 0.7022 0.5925 0.6395 0.6003 0.5972 0.5361 0.5846 
4 0.0063 0.2649 0.0345 0.2633 0.0956 0.2727 0.1505 0.2884 0.2147 0.3166 0.2633 0.3448 0.2994 0.3715 0.3339 0.4044 0.3934 0.4890 0.4310 0.5643 0.4436 0.6160 0.4498 0.6912 0.4483 0.7665 0.4279 0.8809 0.3950 1.0000 0.4859 0.9984 0.5047 0.9373 0.5251 0.8589 0.5251 0.7806 0.5251 0.6755 0.5282 0.6097 0.5016 0.5078 0.4687 0.4248 0.4279 0.3480 0.3652 0.2774 0.2743 0.2241 0.2100 0.1975 0.1536 0.1787 0.1034 0.1599 0.0549 0.1536 0.0047 0.1520 
2 0.0047 0.1270 0.0470 0.1254 0.1364 0.1442 0.1928 0.1661 0.2085 0.1724 0.2085 0.1442 0.1520 0.1207 0.1050 0.1144 0.0533 0.1066 0.0078 0.1066 
5 0.0000 0.9984 0.1677 1.0000 0.1395 0.9467 0.1301 0.9467 0.1113 0.9185 0.0956 0.9060 0.0846 0.8966 0.0580 0.8824 0.0204 0.8652 0.0141 0.8652 0.0000 0.8558 
