6 0.0549 0.7320 0.1285 0.7288 0.1944 0.7257 0.2586 0.7241 0.2712 0.7367 0.2868 0.7320 0.2868 0.7194 0.3150 0.7194 0.3401 0.7179 0.3856 0.7210 0.4404 0.7288 0.5063 0.7288 0.5376 0.7288 0.5408 0.7006 0.5533 0.6834 0.5533 0.6693 0.5502 0.6536 0.5549 0.6411 0.5658 0.6191 0.5784 0.6129 0.5752 0.6348 0.5878 0.6411 0.5925 0.6567 0.5940 0.6740 0.6034 0.6818 0.6238 0.6881 0.6552 0.6912 0.6630 0.7006 0.6536 0.7085 0.6442 0.7132 0.6458 0.7194 0.6379 0.7304 0.6411 0.7398 0.6567 0.7461 0.6740 0.7492 0.7100 0.7476 0.8103 0.7586 0.8715 0.7696 0.9984 0.8009 0.9984 0.9451 0.7429 0.8871 0.7508 0.9107 0.6959 0.8777 0.6724 0.8762 0.6912 0.8966 0.7382 0.9404 0.7288 0.9577 0.6630 0.9091 0.6285 0.8777 0.6097 0.8730 0.6082 0.8903 0.6003 0.8981 0.5799 0.8934 0.5596 0.8777 0.5392 0.8480 0.5219 0.8401 0.4906 0.8292 0.4734 0.8260 0.4561 0.7947 0.4091 0.7649 0.3683 0.7586 0.3307 0.7571 0.1583 0.7727 0.0016 0.7931 
2 0.5940 0.6458 0.5987 0.6614 0.9984 0.7194 0.9969 0.7006 
2 0.9922 0.0455 0.9263 0.0768 0.7962 0.1411 0.8041 0.1803 0.8213 0.2100 0.8292 0.2335 0.8292 0.2461 0.8119 0.2429 0.8025 0.2210 0.7853 0.1959 0.7696 0.1552 0.7696 0.1426 0.7351 0.1740 0.7069 0.1959 0.6787 0.2194 0.6505 0.2367 0.6129 0.2633 0.6411 0.3245 0.6661 0.3558 0.6708 0.3683 0.6630 0.3715 0.6442 0.3542 0.6285 0.3307 0.6034 0.2712 0.5878 0.3009 0.5674 0.3135 0.5392 0.3448 0.4718 0.4404 0.4342 0.5110 0.3997 0.5784 0.3746 0.6426 0.3636 0.6944 0.3683 0.7429 0.3621 0.7884 0.3589 0.8229 0.3621 0.8542 0.3762 0.9138 0.4028 0.9984 0.3777 0.9984 0.3621 0.9357 0.3433 0.8448 0.3480 0.7790 0.3464 0.7414 0.3119 0.7445 0.3339 0.6912 0.3699 0.6050 0.4028 0.5345 0.4498 0.4561 0.4906 0.3871 0.5313 0.3292 0.5737 0.2665 0.5909 0.2774 0.5972 0.2476 0.6379 0.2241 0.6912 0.1928 0.7210 0.1724 0.7539 0.1364 0.7712 0.1238 0.7806 0.1285 0.7900 0.1207 0.8323 0.1050 0.8840 0.0831 0.9201 0.0674 
3 0.6818 0.0016 0.5094 0.2116 0.4749 0.2539 0.4357 0.2900 0.3966 0.3213 0.3025 0.4310 0.1426 0.6191 0.0016 0.7947 0.0016 0.6379 0.0172 0.6191 0.0815 0.3730 0.2038 0.2273 0.2085 0.1991 0.3636 0.0016 
1 0.0031 0.1191 0.1661 0.1113 0.2586 0.1285 0.3009 0.0768 0.2680 0.0940 0.1614 0.0737 0.1019 0.0831 0.1646 0.0486 0.2618 0.0502 0.3433 0.0031 0.0016 0.0000 
1 0.0016 0.3668 0.0016 0.5596 0.0329 0.5408 0.0893 0.3401 
1 0.6238 0.9389 0.6473 0.9984 0.9922 0.9984 0.9639 0.9671 0.8589 0.9545 0.8480 0.9828 0.7947 0.9859 0.7163 0.9687 0.7100 0.9420 0.6912 0.9639 0.6505 0.9592 0.6317 0.9201 
1 0.6834 0.0031 0.8480 0.0031 0.9969 0.0016 0.9984 0.0392 0.8966 0.0439 0.8386 0.0972 0.7962 0.1082 0.8135 0.0549 0.6614 0.1317 0.6411 0.1708 0.6850 0.1646 0.6583 0.2100 0.6379 0.2116 0.6254 0.1834 0.6442 0.1270 0.6348 0.1082 0.6191 0.1552 0.6129 0.1301 0.6270 0.0956 0.6144 0.0956 0.5940 0.1270 0.5878 0.1129 
1 0.4671 0.3966 0.4530 0.3683 0.4467 0.3245 0.4279 0.3135 0.4154 0.3229 0.3903 0.3339 0.3730 0.3464 0.4624 0.4013 
5 0.0031 0.1332 0.0047 0.2931 0.0313 0.3088 0.0016 0.3339 0.0016 0.3558 0.0987 0.3339 0.1614 0.2602 0.0799 0.1897 0.1238 0.1458 0.0831 0.1207 
4 0.5125 0.9953 0.4969 0.9639 0.4781 0.8997 0.4655 0.8401 0.4624 0.7476 0.4781 0.6614 0.5016 0.6050 0.5502 0.4890 0.6082 0.4075 0.6991 0.3119 0.7790 0.2508 0.8417 0.2022 0.9216 0.1583 0.9984 0.1285 0.9984 0.0486 0.9451 0.0533 0.8887 0.0674 0.8009 0.1050 0.7288 0.1489 0.6505 0.2163 0.5909 0.2633 0.5188 0.3480 0.4655 0.4216 0.4248 0.4812 0.3824 0.5658 0.3542 0.6348 0.3370 0.7147 0.3401 0.8056 0.3683 0.9185 0.3824 0.9796 0.3903 0.9969 
0 0.4138 0.6473 0.4326 0.6379 0.4451 0.6113 0.4451 0.5925 0.4561 0.5627 0.4592 0.5893 0.4702 0.5784 0.4859 0.5486 0.4843 0.5219 0.4937 0.5110 0.5125 0.5047 0.5266 0.4765 0.5408 0.4530 0.5564 0.4498 0.5533 0.4373 0.5784 0.4263 0.6034 0.4122 0.6129 0.3997 0.6082 0.3809 0.6003 0.3621 0.5831 0.3699 0.5674 0.3793 0.5564 0.3871 0.5361 0.3527 0.5329 0.3715 0.5282 0.3966 0.5157 0.4154 0.5031 0.4295 0.5031 0.4060 0.4953 0.4138 0.4812 0.4451 0.4624 0.4749 0.4389 0.5282 0.4201 0.5737 0.4122 0.6034 
