0 0.2304 0.4326 0.2555 0.4248 0.2853 0.4060 0.3323 0.3887 0.3495 0.3918 0.3699 0.3809 0.3887 0.3762 0.4279 0.3715 0.4467 0.3715 0.4687 0.3683 0.4922 0.3683 0.5063 0.3746 0.5188 0.3699 0.5549 0.3699 0.5987 0.3730 0.6066 0.3777 0.6411 0.3652 0.5580 0.3495 0.4969 0.3433 0.4796 0.3448 0.4671 0.3401 0.4530 0.3448 0.4389 0.3401 0.4107 0.3480 0.3699 0.3542 0.3307 0.3683 0.2868 0.3887 0.2539 0.4075 0.2382 0.4185 
2 0.0016 0.4154 0.0266 0.4342 0.0690 0.4671 0.0940 0.4922 0.1066 0.5125 0.1176 0.5361 0.1348 0.5251 0.1348 0.4984 0.1270 0.4655 0.1034 0.4310 0.0737 0.3950 0.0313 0.3511 0.0157 0.3605 0.0439 0.3918 0.0752 0.4326 0.0972 0.4687 0.0690 0.4357 0.0392 0.4169 0.0031 0.3918 
2 0.2257 0.2665 0.2398 0.2884 0.2586 0.3621 0.2586 0.3950 0.2853 0.3856 0.2696 0.3088 0.2445 0.2476 0.2132 0.2492 0.1332 0.2759 0.0940 0.2994 0.1034 0.3182 0.1520 0.2884 0.2147 0.2696 
3 0.0016 0.2476 0.0313 0.2273 0.1536 0.1975 0.1818 0.1865 0.2335 0.1144 0.4734 0.0235 0.5078 0.0188 0.4843 0.0564 0.5423 0.0643 0.6991 0.0000 0.7398 0.0658 0.5831 0.1160 0.4577 0.1881 0.3245 0.2241 0.1755 0.2759 0.0031 0.3401 
5 0.0016 0.0016 0.0031 0.2398 0.0282 0.2226 0.1552 0.1928 0.1787 0.1818 0.2288 0.1113 0.2649 0.0909 0.4781 0.0172 0.5172 0.0157 0.5345 0.0361 0.5815 0.0361 0.6865 0.0016 
5 0.2868 0.9969 0.4154 0.8558 0.5313 0.6614 0.5721 0.6536 0.7147 0.4373 0.7727 0.3903 0.8009 0.4216 0.8370 0.4075 0.8401 0.4279 0.9984 0.4969 0.9984 0.9969 
1 0.7132 0.0846 0.6818 0.0909 0.6254 0.1097 0.5972 0.1285 0.5893 0.1520 0.6144 0.1724 0.6113 0.1834 0.5815 0.2053 0.5564 0.2367 0.5235 0.2853 0.5078 0.2994 0.5376 0.3025 0.5690 0.2712 0.5846 0.2288 0.6113 0.2132 0.6661 0.2022 0.7006 0.1912 0.6928 0.1505 0.7038 0.1238 0.7288 0.1301 0.7382 0.0925 
1 0.8699 0.0141 0.8966 0.0345 0.8777 0.0596 0.8793 0.0893 0.8856 0.1191 0.8887 0.1348 0.8605 0.1552 0.8668 0.1865 0.8981 0.2006 0.9201 0.1897 0.9248 0.2116 0.9154 0.2304 0.9295 0.2571 0.9201 0.2837 0.9201 0.3245 0.9138 0.3605 0.8918 0.4060 0.8824 0.4310 0.9953 0.4843 0.9984 0.0611 0.9671 0.0016 0.8903 0.0047 
1 0.2962 0.3370 0.3009 0.2884 0.2884 0.2429 0.2743 0.2492 0.2743 0.3276 
1 0.2179 0.8103 0.2649 0.7759 0.4295 0.5596 0.4734 0.5298 0.5596 0.4890 0.5564 0.4577 0.4201 0.5063 0.3558 0.5580 0.2931 0.6411 0.1818 0.7978 
1 0.1458 0.9890 0.2006 0.9075 0.2649 0.8307 0.3088 0.8166 0.3433 0.7335 0.3824 0.7038 0.4483 0.6129 0.5063 0.5470 0.5737 0.4483 0.6191 0.4263 0.6959 0.4545 0.6395 0.5470 0.6034 0.4592 0.5580 0.5282 0.4843 0.6254 0.5345 0.6489 0.3370 0.9310 0.3072 0.9201 0.5031 0.6473 0.4718 0.6348 0.4671 0.6677 0.4154 0.7179 0.3871 0.7900 0.3480 0.7884 0.3088 0.8621 0.2476 0.9169 0.2367 0.9937 
4 0.0016 0.6724 0.0329 0.6411 0.0862 0.5972 0.1458 0.5517 0.2053 0.5172 0.2743 0.4843 0.3652 0.4530 0.4404 0.4342 0.5094 0.4404 0.5627 0.4404 0.6520 0.4577 0.6787 0.4639 0.7492 0.3323 0.6661 0.3103 0.6034 0.3025 0.5219 0.3025 0.4592 0.3041 0.3589 0.3182 0.2962 0.3386 0.2022 0.3856 0.1176 0.4420 0.0423 0.5219 0.0000 0.5658 
6 0.7853 0.0470 0.7429 0.0643 0.7382 0.1066 0.7226 0.1411 0.7038 0.1583 0.7006 0.2022 0.6803 0.2367 0.6348 0.2743 0.6317 0.2931 0.6583 0.3150 0.6442 0.3699 0.6254 0.4044 0.6317 0.4185 0.6818 0.4342 0.7132 0.3777 0.7461 0.3793 0.8119 0.3903 0.8793 0.4091 0.9075 0.3401 0.9138 0.2931 0.9216 0.2539 0.9075 0.2226 0.9107 0.1991 0.8652 0.1944 0.8495 0.1552 0.8699 0.1238 0.8683 0.0815 0.8809 0.0345 0.8668 0.0172 
