6 0.1285 0.6348 0.1191 0.6787 0.1270 0.7163 0.1583 0.7163 0.1646 0.7508 0.1881 0.7555 0.2241 0.7476 0.2398 0.7132 0.2837 0.7618 0.3166 0.7853 0.3323 0.7633 0.3072 0.7100 0.3495 0.7508 0.3715 0.7414 0.3777 0.7179 0.3464 0.6693 0.3339 0.6364 0.3339 0.6160 0.3150 0.5862 0.2163 0.6724 0.1928 0.6567 0.1803 0.6254 0.1520 0.6254 
2 0.2053 0.6552 0.2445 0.6160 0.2821 0.5878 0.3150 0.5658 0.3433 0.5564 0.4091 0.6160 0.4639 0.6724 0.5533 0.7633 0.6567 0.8589 0.7633 0.9749 0.7492 0.9922 0.3292 0.5784 0.2179 0.6693 
8 0.4154 0.9326 0.4467 0.9060 0.4765 0.8777 0.5282 0.8370 0.5784 0.8103 0.6317 0.7900 0.6897 0.7821 0.7273 0.7837 0.7602 0.7915 0.7665 0.7821 0.6614 0.7665 0.6003 0.7759 0.5533 0.7947 0.5125 0.8197 0.4812 0.8386 0.4530 0.8652 0.4138 0.8981 0.4028 0.9154 
8 0.5157 0.9937 0.5423 0.9969 0.5564 0.9828 0.5815 0.9624 0.6223 0.9310 0.6552 0.9122 0.7022 0.8918 0.7429 0.8824 0.7931 0.8809 0.8464 0.8871 0.8417 0.8699 0.8088 0.8652 0.7445 0.8636 0.6944 0.8699 0.6285 0.8997 0.5878 0.9295 0.5502 0.9592 
2 0.9984 0.5925 1.0000 0.5799 0.8966 0.5392 0.8245 0.5141 0.7759 0.4937 0.7194 0.4734 0.6755 0.4530 0.6223 0.4404 0.5752 0.4232 0.5408 0.4154 0.4969 0.4091 0.4843 0.4295 0.4734 0.4107 0.4373 0.4169 0.3824 0.4279 0.3292 0.4342 0.2571 0.4451 0.1787 0.4639 0.1285 0.4765 0.0737 0.4922 0.0204 0.5141 0.0000 0.5251 0.0000 0.5423 0.0282 0.5345 0.0784 0.5219 0.1223 0.4953 0.1520 0.4859 0.1975 0.4734 0.2539 0.4624 0.3260 0.4514 0.3918 0.4420 0.4749 0.4295 0.4843 0.4530 0.4890 0.4655 0.5016 0.4561 0.5078 0.4326 0.5078 0.4263 0.5423 0.4373 0.5925 0.4514 0.6317 0.4608 0.6599 0.4671 0.7006 0.4859 
1 0.7147 0.3683 0.6834 0.3699 0.6614 0.3871 0.6552 0.4107 0.6740 0.4263 0.7241 0.4483 0.7492 0.4530 0.7790 0.4530 0.8041 0.4373 0.8056 0.4216 0.7680 0.3840 
1 0.7351 0.3354 0.7461 0.3417 0.7759 0.3464 0.7868 0.3574 0.7947 0.3699 0.8229 0.3605 0.8292 0.3448 0.8166 0.3260 0.7947 0.3197 0.7900 0.3009 0.7618 0.2759 0.7461 0.2790 0.7476 0.3041 0.7382 0.3103 
1 0.0627 0.3386 0.0846 0.3354 0.0972 0.3197 0.0972 0.2947 0.1144 0.2774 0.1411 0.2696 0.1379 0.2539 0.1458 0.2539 0.1489 0.2665 0.1740 0.2508 0.1787 0.2868 0.1646 0.2978 0.1646 0.3088 0.1803 0.3072 0.1850 0.3166 0.1881 0.3354 0.1755 0.3464 0.1850 0.3542 0.1944 0.3542 0.1975 0.3918 0.2022 0.4044 0.2069 0.4122 0.1881 0.4263 0.1834 0.4467 0.0940 0.4702 0.0846 0.4514 0.0674 0.4592 0.0533 0.4467 0.0611 0.4138 0.0533 0.3997 0.0502 0.3715 
1 0.0470 0.4091 0.0361 0.4138 0.0251 0.4091 0.0157 0.3918 0.0157 0.3746 0.0047 0.3746 0.0094 0.3636 0.0141 0.3433 0.0219 0.3307 0.0392 0.3339 0.0408 0.3668 0.0313 0.3762 0.0392 0.3918 
1 0.2508 0.3166 0.2351 0.3292 0.2367 0.3480 0.2382 0.3809 0.2508 0.3903 0.2806 0.3793 0.2900 0.3856 0.3041 0.3887 0.3292 0.3824 0.3276 0.3683 0.3260 0.3574 0.3386 0.3542 0.3354 0.3683 0.3480 0.3668 0.3589 0.3668 0.3699 0.3636 0.3636 0.3386 0.3730 0.3323 0.3730 0.3135 0.3762 0.3009 0.3511 0.2853 0.3386 0.2853 0.3339 0.2978 0.3229 0.3056 0.3088 0.3150 0.3009 0.3009 0.2947 0.2962 0.2884 0.3041 0.2680 0.3119 0.2602 0.2994 0.2476 0.2994 
0 0.0345 0.6348 0.0470 0.6332 0.0580 0.6270 0.0721 0.6207 0.0956 0.6176 0.1097 0.6207 0.1254 0.6160 0.1426 0.6003 0.1270 0.5956 0.1097 0.5956 0.0940 0.5893 0.0705 0.5846 0.0423 0.5925 0.0251 0.5987 0.0141 0.6066 0.0204 0.6238 
0 0.1818 0.5627 0.2022 0.5517 0.2163 0.5392 0.2445 0.5235 0.2790 0.5110 0.3088 0.5016 0.3417 0.4953 0.3699 0.4906 0.4232 0.4875 0.4561 0.4890 0.4734 0.4875 0.4843 0.4718 0.4796 0.4577 0.4671 0.4420 0.4295 0.4404 0.4201 0.4467 0.4138 0.4624 0.4013 0.4702 0.3809 0.4734 0.3809 0.4624 0.3730 0.4514 0.3589 0.4577 0.3135 0.4639 0.2837 0.4702 0.2539 0.4734 0.2257 0.4843 0.1975 0.4969 0.1771 0.5078 0.1599 0.5235 0.1536 0.5345 0.1505 0.5392 0.1708 0.5580 
5 0.0016 0.1818 0.0815 0.1881 0.1567 0.1426 0.3840 0.1458 0.3981 0.1395 0.7429 0.1520 0.7633 0.1646 0.9467 0.1724 0.9984 0.1975 0.9969 0.0047 0.0016 0.0016 
3 0.9984 0.2837 0.4859 0.2712 0.4044 0.2461 0.0000 0.2304 0.0000 0.1850 0.0846 0.1897 0.1567 0.1458 0.3871 0.1489 0.3981 0.1426 0.7382 0.1536 0.7571 0.1661 0.9451 0.1740 0.9984 0.1991 
4 0.9436 0.6646 0.8856 0.6348 0.8119 0.5956 0.7304 0.5611 0.6411 0.5329 0.5862 0.5266 0.5157 0.5204 0.4326 0.5219 0.3558 0.5329 0.2931 0.5533 0.2429 0.5878 0.1959 0.6317 0.1536 0.6599 0.1034 0.7194 0.0596 0.7837 0.0204 0.8574 0.0031 0.8558 0.0000 0.7038 0.0266 0.6583 0.0643 0.6144 0.1144 0.5658 0.1489 0.5408 0.2445 0.4937 0.3589 0.4655 0.4812 0.4561 0.5408 0.4561 0.6207 0.4734 0.6865 0.4937 0.7367 0.5110 0.7900 0.5329 0.8511 0.5533 0.9279 0.5846 0.9969 0.6113 0.9969 0.6975 
1 0.0094 0.9107 0.0408 0.8558 0.0627 0.8323 0.0768 0.8025 0.1034 0.8025 0.1191 0.8119 0.1364 0.8276 0.1787 0.8229 0.2038 0.8448 0.2241 0.8245 0.2476 0.8307 0.2696 0.8589 0.2884 0.8840 0.3119 0.9232 0.3386 0.9483 0.3495 0.9687 0.3605 0.9765 0.3871 0.9953 0.4201 1.0000 0.4122 0.9592 0.3448 0.9013 0.2931 0.8401 0.2476 0.7931 0.2257 0.7947 0.2116 0.8041 0.2053 0.7837 0.1834 0.7962 0.1646 0.7853 0.1661 0.7602 0.1520 0.7571 0.1442 0.7821 0.1332 0.7633 0.1505 0.7414 0.1317 0.7210 0.0972 0.7696 0.0878 0.7680 0.0799 0.7868 0.0564 0.7900 0.0266 0.8495 0.0094 0.8605 0.0031 0.8636 
5 0.0063 0.9154 0.0063 0.9937 0.3715 0.9969 0.2367 0.8339 0.1881 0.8542 0.1677 0.8339 0.1176 0.8307 0.0956 0.8103 0.0470 0.8621 
5 0.8119 0.9875 0.7680 0.9969 0.9671 0.9984 0.8950 0.9843 
