2 0.5172 0.4639 0.4828 0.4530 0.4639 0.4530 0.4169 0.4467 0.4075 0.4404 0.4044 0.4373 0.3777 0.4404 0.3511 0.4420 0.3370 0.4420 0.3135 0.4498 0.3166 0.4561 0.2900 0.4687 0.2414 0.4937 0.2304 0.4984 0.2273 0.4875 0.2320 0.4812 0.2586 0.4655 0.2931 0.4451 0.2962 0.4342 0.3182 0.4295 0.3495 0.4185 0.3589 0.4248 0.3824 0.4201 0.4091 0.4154 0.4451 0.4263 0.4984 0.4373 0.5157 0.4483 
0 0.2414 0.3699 0.2806 0.3652 0.3213 0.3574 0.3495 0.3558 0.3777 0.3589 0.4013 0.3636 0.4216 0.3683 0.4624 0.3762 0.4781 0.3887 0.4937 0.3918 0.5063 0.3966 0.5282 0.4044 0.5329 0.3887 0.5235 0.3746 0.5000 0.3715 0.4875 0.3636 0.4953 0.3574 0.4969 0.3448 0.4781 0.3339 0.4389 0.3182 0.4122 0.3119 0.3903 0.3056 0.3527 0.3041 0.3166 0.3056 0.3072 0.3056 0.3041 0.3103 0.3166 0.3182 0.3401 0.3182 0.3448 0.3292 0.3354 0.3292 0.3119 0.3276 0.2821 0.3323 0.2461 0.3417 0.2210 0.3558 0.2210 0.3683 0.2304 0.3715 
3 0.0016 0.3182 0.0784 0.2790 0.0925 0.2712 0.1066 0.2602 0.1223 0.2461 0.1552 0.2132 0.1661 0.2038 0.1803 0.1944 0.1912 0.1865 0.1991 0.1850 0.3260 0.1097 0.3950 0.0690 0.3981 0.0690 0.3981 0.0752 0.3934 0.0784 0.3840 0.0862 0.3777 0.0940 0.3762 0.0987 0.3777 0.1003 0.3824 0.1003 0.3950 0.0909 0.4577 0.0596 0.5517 0.0016 0.6019 0.0016 0.4013 0.1191 0.3887 0.1348 0.3715 0.1505 0.3495 0.1677 0.3088 0.1928 0.2382 0.2351 0.1379 0.2931 0.0016 0.3762 
5 0.0016 0.0016 0.5455 0.0000 0.4404 0.0674 0.3966 0.0643 0.1583 0.2038 0.1019 0.2602 0.0031 0.3150 
1 0.6129 0.0031 0.6050 0.0125 0.6583 0.0266 0.6708 0.0345 0.6661 0.0486 0.6567 0.0455 0.6567 0.0580 0.6505 0.0674 0.6411 0.0768 0.6285 0.0815 0.6207 0.0627 0.6066 0.0549 0.5956 0.0611 0.5878 0.0658 0.5502 0.0408 0.5219 0.0517 0.5690 0.0752 0.5580 0.0893 0.5815 0.1160 0.5799 0.1630 0.5752 0.2022 0.5972 0.2100 0.6191 0.2147 0.6238 0.2351 0.6160 0.2461 0.6301 0.2602 0.6254 0.2649 0.5909 0.2539 0.4812 0.2931 0.4875 0.3150 0.4828 0.3213 0.5016 0.3354 0.5266 0.3276 0.5502 0.3103 0.5956 0.3103 0.6129 0.3041 0.6238 0.3135 0.6144 0.3323 0.6254 0.3480 0.6520 0.3495 0.6834 0.3433 0.6959 0.3229 0.6599 0.2931 0.6599 0.2821 0.6803 0.2915 0.6991 0.2962 0.7069 0.3182 0.7163 0.3276 0.7335 0.3276 0.7524 0.3245 0.7696 0.3276 0.7790 0.3448 0.7962 0.3699 0.7508 0.3542 0.7147 0.3511 0.6881 0.3605 0.6850 0.3699 0.7179 0.3887 0.7226 0.3997 0.6881 0.4028 0.6583 0.4122 0.6317 0.4263 0.6191 0.4436 0.5831 0.5016 0.5313 0.5423 0.4687 0.6129 0.4122 0.6740 0.3903 0.6724 0.3448 0.7006 0.3119 0.7335 0.3135 0.7571 0.2586 0.7978 0.2398 0.8511 0.2147 0.8871 0.1176 0.9984 0.1505 0.9984 0.2461 0.9138 0.2696 0.8621 0.3511 0.7915 0.3448 0.7727 0.3589 0.7586 0.3871 0.7571 0.4498 0.7038 0.5172 0.6348 0.5627 0.6066 0.5972 0.5172 0.6567 0.4561 0.6865 0.4561 0.7100 0.4310 0.7790 0.4467 0.7947 0.4718 0.8307 0.4498 0.9107 0.4937 0.9138 0.4687 0.8730 0.3950 0.9013 0.3683 0.8480 0.3495 0.8166 0.3746 0.7821 0.3292 0.8135 0.3213 0.8072 0.2586 0.7320 0.2476 0.6975 0.2821 0.6881 0.2759 0.6991 0.2649 0.7038 0.2241 0.6818 0.1818 0.6865 0.1317 0.7429 0.0909 0.9154 0.0909 0.9843 0.0799 0.9608 0.0690 0.9138 0.0596 0.9075 0.0016 
1 0.0000 0.5235 0.0251 0.4922 0.0737 0.4389 0.1520 0.3777 0.2335 0.3245 0.2978 0.2994 0.3730 0.2868 0.4357 0.2633 0.4984 0.2476 0.5611 0.2257 0.6082 0.2524 0.6160 0.2210 0.5627 0.1944 0.4530 0.2194 0.3605 0.2492 0.2586 0.2806 0.1332 0.3480 0.0517 0.4107 0.0016 0.4671 
0 0.5000 0.3542 0.5219 0.3495 0.5674 0.3417 0.5658 0.3339 0.5517 0.3260 0.5361 0.3229 0.5235 0.3245 0.4875 0.3307 0.4749 0.3354 
1 0.8824 0.1975 0.8417 0.2335 0.9013 0.2508 0.9248 0.2445 0.9984 0.2445 0.9984 0.2210 0.9216 0.2163 0.9075 0.2053 
5 0.9969 0.9984 0.1552 0.9984 0.2555 0.9107 0.2743 0.8636 0.5251 0.6379 0.5721 0.6066 0.6003 0.5204 0.6583 0.4561 0.6865 0.4592 0.7147 0.4389 0.7790 0.4498 0.7947 0.4765 0.8292 0.4545 0.9107 0.5000 0.9969 0.6160 
4 0.0000 0.6881 0.0392 0.6567 0.0878 0.6097 0.1332 0.5580 0.1897 0.5157 0.2335 0.4875 0.3307 0.4498 0.3621 0.4436 0.3950 0.4420 0.4201 0.4436 0.4624 0.4561 0.5063 0.4671 0.5408 0.4828 0.5721 0.5047 0.6332 0.3871 0.5564 0.3558 0.4624 0.3276 0.4138 0.3166 0.2853 0.3245 0.2304 0.3433 0.1520 0.4028 0.0815 0.4561 0.0016 0.5502 
