3 0.0000 0.4969 0.0815 0.4263 0.1991 0.3135 0.2571 0.2586 0.2962 0.2053 0.5235 0.0016 0.4561 0.0016 0.3119 0.1332 0.2931 0.1505 0.2571 0.1803 0.2492 0.1865 0.2398 0.1865 0.2382 0.1850 0.2382 0.1755 0.2429 0.1583 0.2461 0.1489 0.2445 0.1458 0.2351 0.1505 0.2241 0.1583 0.0705 0.3041 0.0643 0.3056 0.0580 0.3072 0.0517 0.3119 0.0455 0.3213 0.0423 0.3229 0.0361 0.3276 0.0313 0.3370 0.0235 0.3558 0.0078 0.3966 0.0016 0.4028 
5 0.0016 0.0000 0.4530 0.0016 0.3119 0.1317 0.2367 0.1442 0.0674 0.3025 0.0517 0.3056 0.0313 0.3276 0.0063 0.3918 0.0016 0.3997 
2 0.7006 0.3339 0.6959 0.3495 0.7382 0.3652 0.7790 0.3903 0.8103 0.4091 0.8386 0.4279 0.8668 0.4545 0.9169 0.5063 0.9545 0.5549 0.9984 0.6129 0.9984 0.5721 0.9577 0.5219 0.9169 0.4749 0.8605 0.4216 0.8025 0.3809 0.7508 0.3558 
2 0.5345 0.2398 0.4655 0.2774 0.3950 0.3166 0.3433 0.3464 0.3025 0.3668 0.2649 0.3809 0.2116 0.4091 0.1567 0.4514 0.1176 0.4843 0.0564 0.5596 0.0110 0.6207 0.0016 0.5972 0.0361 0.5361 0.0909 0.4765 0.1489 0.4248 0.2241 0.3746 0.3448 0.3119 0.4044 0.2774 0.4953 0.2367 0.5408 0.2069 
2 0.5047 0.5047 0.4624 0.5031 0.4122 0.5094 0.3934 0.5110 0.3871 0.5078 0.3574 0.5157 0.3276 0.5251 0.3182 0.5282 0.3119 0.5251 0.2994 0.5282 0.2868 0.5361 0.2884 0.5439 0.2837 0.5533 0.2571 0.5737 0.2163 0.6034 0.2085 0.6129 0.1959 0.6442 0.1740 0.7038 0.1505 0.7539 0.0674 0.9530 0.0517 0.9984 0.0392 0.9984 0.0611 0.9451 0.1129 0.8166 0.1395 0.7476 0.1646 0.6912 0.1865 0.6442 0.1928 0.6254 0.1991 0.5987 0.2257 0.5815 0.2696 0.5470 0.2618 0.5298 0.2743 0.5204 0.3072 0.5063 0.3307 0.5047 0.3480 0.4984 0.3621 0.4906 0.3903 0.4875 0.4060 0.4906 0.4498 0.4843 0.5000 0.4843 
0 0.2571 0.4404 0.2414 0.4357 0.2320 0.4295 0.2273 0.4185 0.2273 0.4060 0.2398 0.3950 0.2712 0.3824 0.3119 0.3746 0.3370 0.3730 0.3856 0.3824 0.4075 0.3856 0.4263 0.3918 0.4279 0.3856 0.4420 0.3762 0.4592 0.3699 0.4749 0.3636 0.4843 0.3668 0.4922 0.3762 0.4922 0.3856 0.4843 0.3918 0.4734 0.3981 0.4687 0.4013 0.4655 0.4075 0.4828 0.4075 0.4859 0.4201 0.4953 0.4326 0.4984 0.4342 0.5063 0.4451 0.5078 0.4530 0.5141 0.4639 0.5235 0.4749 0.5298 0.4859 0.5282 0.4922 0.5188 0.4922 0.5110 0.4859 0.5000 0.4796 0.4890 0.4734 0.4765 0.4687 0.4671 0.4592 0.4608 0.4483 0.4545 0.4389 0.4483 0.4310 0.4483 0.4373 0.4436 0.4420 0.4357 0.4420 0.4279 0.4420 0.4232 0.4373 0.4169 0.4420 0.4107 0.4436 0.4044 0.4404 0.3903 0.4357 0.3777 0.4373 0.3605 0.4389 0.3511 0.4389 0.2633 0.4608 0.2571 0.4592 0.2602 0.4498 0.2696 0.4420 
0 0.5204 0.3668 0.5266 0.3793 0.5361 0.3871 0.5439 0.3856 0.5596 0.3809 0.5721 0.3793 0.5893 0.3699 0.6144 0.3652 0.6317 0.3605 0.6630 0.3511 0.6755 0.3480 0.6850 0.3448 0.6897 0.3386 0.6818 0.3323 0.6567 0.3354 0.6348 0.3370 
6 0.4232 0.3480 0.4326 0.3339 0.4781 0.3150 0.5063 0.3056 0.5455 0.3009 0.5486 0.0016 0.6489 0.0031 0.6379 0.0987 0.6176 0.3229 0.6301 0.3386 0.6317 0.3699 0.6050 0.3918 0.5862 0.4122 0.5690 0.4404 0.5658 0.4639 0.5768 0.5047 0.5423 0.6144 0.5141 0.6912 0.4514 0.8166 0.4075 0.8981 0.4013 0.9154 0.4169 0.9389 0.4169 0.9608 0.3950 0.9890 0.3871 1.0000 0.1552 0.9984 0.1708 0.9734 0.1834 0.9498 0.2006 0.9248 0.2163 0.9044 0.2382 0.8840 0.2633 0.8746 0.2978 0.8668 0.3323 0.8636 0.3464 0.8621 0.3793 0.7649 0.3934 0.7210 0.4295 0.6850 0.4185 0.6599 0.4232 0.6395 0.4420 0.6144 0.4577 0.5815 0.4467 0.5596 0.4420 0.5439 0.4608 0.5298 0.4812 0.5157 0.4969 0.5172 0.5141 0.4922 0.5094 0.4734 0.4890 0.4357 0.4232 0.3777 
4 0.9545 0.6975 0.9201 0.6442 0.8683 0.5940 0.7774 0.5204 0.6991 0.4765 0.6379 0.4530 0.5846 0.4373 0.5282 0.4373 0.4530 0.4561 0.3903 0.4781 0.3119 0.5188 0.2524 0.5596 0.1865 0.6191 0.1270 0.6897 0.0611 0.8072 0.0016 0.9263 0.0016 0.7085 0.0439 0.6238 0.0846 0.5564 0.1144 0.5125 0.1630 0.4624 0.2053 0.4263 0.2602 0.3903 0.3527 0.3558 0.4075 0.3433 0.5361 0.3276 0.6066 0.3307 0.7022 0.3558 0.7837 0.3997 0.8354 0.4389 0.8840 0.4812 0.9357 0.5376 0.9749 0.5909 0.9922 0.6129 
1 0.8448 0.9969 0.8746 0.9310 0.8981 0.9107 0.9013 0.8056 0.9389 0.7884 0.9404 0.7382 0.9608 0.7179 0.9624 0.6865 0.9906 0.6724 0.9969 0.7006 0.9984 0.7414 0.8934 0.9984 
5 0.9969 0.9969 0.8950 0.9969 0.9984 0.7461 
