0 0.6473 0.1458 0.6129 0.1834 0.5737 0.2116 0.5219 0.2241 0.5172 0.2398 0.4984 0.2367 0.4875 0.2367 0.4655 0.2461 0.4467 0.2524 0.4138 0.2492 0.3840 0.2555 0.3401 0.2759 0.3589 0.2994 0.3495 0.3135 0.3527 0.3370 0.3401 0.3401 0.3119 0.3401 0.2790 0.3401 0.2524 0.3433 0.2367 0.3417 0.2226 0.3370 0.2147 0.3276 0.2194 0.3213 0.2288 0.3103 0.2210 0.3041 0.2163 0.2915 0.2273 0.2806 0.2476 0.2712 0.2649 0.2633 0.2947 0.2555 0.3245 0.2492 0.3558 0.2335 0.3918 0.2194 0.4263 0.2053 0.4436 0.1991 0.4937 0.1834 0.5329 0.1771 0.5470 0.1740 0.5580 0.1583 0.5846 0.1317 0.6050 0.1207 
0 0.3213 0.4436 0.3699 0.4483 0.4279 0.4420 0.4984 0.4295 0.5439 0.4263 0.5533 0.4185 0.5940 0.4154 0.6003 0.4326 0.6191 0.4451 0.6411 0.4404 0.6599 0.4373 0.6740 0.4295 0.6724 0.4216 0.6630 0.4154 0.6505 0.4154 0.6379 0.4232 0.6254 0.4216 0.6176 0.4154 0.6223 0.4060 0.6442 0.4044 0.6708 0.4044 0.7179 0.4107 0.7602 0.4232 0.7884 0.4310 0.7978 0.4248 0.7962 0.4091 0.7837 0.3997 0.7476 0.3887 0.6944 0.3746 0.6270 0.3762 0.5925 0.3793 0.5408 0.3809 0.4843 0.3856 0.4169 0.3934 0.3777 0.4060 0.3401 0.4248 0.3245 0.4326 
0 0.2022 0.5313 0.2210 0.5188 0.2445 0.5094 0.2492 0.5125 0.2696 0.5031 0.2743 0.5031 0.2994 0.4906 0.3495 0.4859 0.3652 0.4781 0.3652 0.4655 0.3307 0.4530 0.3025 0.4561 0.2618 0.4624 0.2524 0.4749 0.1928 0.4922 0.1881 0.5078 0.1489 0.5282 0.1395 0.5455 0.1317 0.5596 0.1113 0.6034 0.0799 0.6630 0.0705 0.7038 0.0752 0.7053 0.0768 0.7069 0.1050 0.6599 0.1426 0.5987 0.1661 0.5564 0.1881 0.5439 0.1991 0.5392 
2 0.2085 0.3307 0.2241 0.3495 0.1787 0.3918 0.1270 0.4420 0.0705 0.5141 0.0361 0.5737 0.0016 0.6348 0.0016 0.5940 0.0313 0.5408 0.0705 0.4765 0.1191 0.4122 0.1708 0.3574 
2 0.5251 0.2351 0.5031 0.2492 0.5533 0.2665 0.6129 0.2837 0.6787 0.3088 0.7445 0.3386 0.8072 0.3699 0.8605 0.4028 0.9060 0.4373 0.9577 0.4890 0.9984 0.5345 0.9984 0.5110 0.9483 0.4530 0.8887 0.3997 0.8166 0.3527 0.6944 0.2994 0.6254 0.2712 
3 0.7665 0.2163 0.7962 0.2492 0.8401 0.2853 0.9185 0.3307 0.9984 0.3793 0.9984 0.3370 0.8887 0.2743 0.8166 0.2382 
5 0.3950 0.0000 0.9984 0.0016 0.9984 0.3339 0.8668 0.2602 0.7947 0.2241 0.7618 0.2085 
1 0.8950 0.5893 0.7649 0.5752 0.7539 0.5502 0.6771 0.5470 0.7053 0.5893 0.7273 0.5987 0.7069 0.6348 0.6897 0.6567 0.7085 0.7320 0.7414 0.8824 0.7163 0.9984 0.6630 0.9953 0.6818 0.8793 0.6411 0.7241 0.6332 0.6473 0.6473 0.5909 0.6458 0.5219 0.6959 0.5094 0.7586 0.5219 0.7837 0.5533 0.8542 0.5658 
5 0.9969 0.6348 0.9984 0.9969 0.8166 0.9984 0.8119 0.8918 0.7445 0.8793 0.7085 0.7226 0.7790 0.7367 0.7759 0.7226 0.7053 0.7147 0.6912 0.6567 0.7257 0.6082 0.7759 0.6066 0.7696 0.5940 0.7226 0.5940 0.7069 0.5846 0.6818 0.5470 0.7539 0.5533 0.7633 0.5768 0.9044 0.5909 
4 0.0878 0.9937 0.0705 0.9373 0.0643 0.8636 0.0752 0.8088 0.1082 0.7288 0.1724 0.6379 0.2335 0.5721 0.2853 0.5345 0.3542 0.5063 0.4279 0.4781 0.5063 0.4718 0.5972 0.4718 0.6755 0.4843 0.7476 0.5094 0.8542 0.5627 0.9295 0.5987 0.9984 0.6317 0.9969 0.5815 0.9248 0.5141 0.8574 0.4514 0.8135 0.4169 0.7539 0.3777 0.6834 0.3558 0.5972 0.3464 0.5078 0.3480 0.4028 0.3589 0.3041 0.3903 0.2367 0.4232 0.1708 0.4765 0.1223 0.5313 0.0705 0.5972 0.0408 0.6567 0.0204 0.7038 0.0047 0.7382 0.0016 0.8480 0.0016 0.9357 0.0016 0.9984 
6 0.6285 0.9922 0.6646 0.9357 0.6411 0.7900 0.6301 0.6787 0.6426 0.5909 0.6285 0.5251 0.5925 0.4702 0.5423 0.4530 0.5204 0.4201 0.5078 0.3871 0.4577 0.3699 0.3887 0.3229 0.3370 0.1270 0.3025 0.0000 0.2116 0.0016 0.2790 0.1803 0.3229 0.2853 0.3511 0.3683 0.3621 0.4342 0.3934 0.4969 0.3871 0.9953 
