3 0.0016 0.1003 0.1912 0.1223 0.3683 0.1458 0.5502 0.1693 0.6160 0.1818 0.6583 0.1975 0.7194 0.2132 0.9984 0.2461 0.9984 0.0611 0.7210 0.0282 0.5752 0.0141 0.4843 0.0000 0.4687 0.0031 0.4592 0.0078 0.4577 0.0110 0.4592 0.0204 0.4624 0.0329 0.4671 0.0502 0.4687 0.0611 0.4639 0.0690 0.4498 0.0752 0.4342 0.0752 0.4091 0.0721 0.3213 0.0627 0.2179 0.0517 0.1003 0.0361 0.0016 0.0251 
2 0.9953 0.4060 0.9091 0.3668 0.8197 0.3339 0.7445 0.3056 0.7320 0.3307 0.7226 0.3433 0.7069 0.3495 0.6991 0.3511 0.6959 0.3370 0.6991 0.3260 0.7006 0.3088 0.6975 0.2947 0.6787 0.2947 0.6254 0.3025 0.5752 0.3056 0.5282 0.3150 0.5172 0.3213 0.5094 0.3119 0.4624 0.3245 0.3997 0.3433 0.3229 0.3574 0.3009 0.3386 0.3966 0.3119 0.4310 0.3056 0.4875 0.2900 0.5251 0.2947 0.5423 0.2837 0.5705 0.2806 0.6661 0.2806 0.7038 0.2759 0.7132 0.2994 0.7132 0.3276 0.7429 0.2837 0.8245 0.3182 0.8887 0.3339 0.9279 0.3589 0.9969 0.3856 
6 0.1332 0.1677 0.1536 0.1238 0.0549 0.1113 0.0016 0.1050 0.0047 0.1928 0.0611 0.2461 0.1348 0.3182 0.1865 0.3621 0.1897 0.3997 0.1991 0.4514 0.2273 0.4937 0.2821 0.5157 0.3150 0.5110 0.3370 0.5235 0.3542 0.5611 0.3652 0.5878 0.3495 0.6034 0.3464 0.6348 0.3589 0.7069 0.3762 0.9138 0.3966 0.9984 0.5031 0.9937 0.4781 0.8401 0.4875 0.8166 0.4702 0.7821 0.4436 0.7257 0.4467 0.6834 0.4436 0.6552 0.4185 0.6254 0.4122 0.5940 0.4201 0.5752 0.4107 0.5219 0.4154 0.4969 0.4279 0.4639 0.4122 0.4342 0.3903 0.4279 0.3777 0.3856 0.3621 0.3777 0.3260 0.3699 0.3025 0.3527 0.2994 0.3307 0.2790 0.3072 
0 0.3871 0.3981 0.4091 0.3824 0.4232 0.3699 0.4404 0.3683 0.4592 0.3652 0.4687 0.3558 0.4828 0.3480 0.5031 0.3433 0.5282 0.3370 0.5549 0.3370 0.5878 0.3370 0.6082 0.3370 0.6207 0.3433 0.6332 0.3464 0.6505 0.3417 0.6740 0.3386 0.6912 0.3323 0.7022 0.3307 0.7069 0.3417 0.6975 0.3542 0.6850 0.3621 0.6536 0.3715 0.6223 0.3809 0.6034 0.3918 0.5846 0.4044 0.5721 0.4201 0.5580 0.4232 0.5517 0.4404 0.5517 0.4467 0.5423 0.4530 0.5345 0.4592 0.5251 0.4687 0.5125 0.4843 0.4984 0.4953 0.4734 0.5141 0.4561 0.5266 0.4467 0.5329 0.4404 0.5282 0.4404 0.5204 0.4326 0.5157 0.4389 0.5063 0.4483 0.5031 0.4577 0.4953 0.4781 0.4781 0.5078 0.4530 0.5266 0.4295 0.5376 0.4075 0.5611 0.3997 0.5658 0.3856 0.5737 0.3809 0.5752 0.3605 0.5596 0.3574 0.5408 0.3621 0.5235 0.3652 0.5078 0.3652 0.4984 0.3683 0.4953 0.3777 0.4812 0.3809 0.4765 0.3840 0.4687 0.3903 0.4561 0.3934 0.4436 0.3966 0.4373 0.4028 0.4310 0.4138 0.4154 0.4138 0.3997 0.4201 0.3903 0.4310 0.3683 0.4404 0.3621 0.4451 0.3652 0.4561 0.3715 0.4687 0.3809 0.4781 0.3887 0.4937 0.3887 0.5125 0.3918 0.5298 0.3903 0.5470 0.3903 0.5627 0.3746 0.5596 0.3668 0.5439 0.3574 0.5266 0.3495 0.5063 0.3386 0.4890 0.3323 0.4749 0.3229 0.4671 0.3072 0.4624 0.2915 0.4592 0.2774 0.4561 0.2712 0.4467 0.2712 0.4357 0.2743 0.4263 0.2884 0.4263 0.3041 0.4263 0.3213 0.4279 0.3323 0.4295 0.3417 0.4263 0.3558 0.4169 0.3715 0.4028 0.3777 0.4028 
2 0.4342 0.5658 0.4655 0.5408 0.4969 0.5235 0.5345 0.5063 0.5439 0.5016 0.5502 0.5376 0.5549 0.6034 0.5596 0.6536 0.5737 0.7539 0.5799 0.8213 0.5909 0.9279 0.5940 0.9906 0.6082 0.9953 0.5987 0.8636 0.5909 0.7759 0.5752 0.6317 0.5658 0.5361 0.5580 0.4875 0.5533 0.4812 0.5376 0.4875 0.4765 0.5188 0.4248 0.5486 
1 0.9984 0.6176 0.9545 0.5972 0.9216 0.5752 0.8887 0.5611 0.8574 0.5392 0.8260 0.5815 0.8386 0.6285 0.8668 0.6693 0.8871 0.7226 0.9467 0.7414 0.9639 0.7602 0.9577 0.7900 0.9389 0.8197 0.9263 0.8542 0.9718 0.8918 0.9592 0.9342 0.9389 0.9624 0.9169 0.9843 0.9404 0.9984 0.9984 0.9969 
1 0.2962 0.9953 0.3871 0.9984 0.3621 0.9232 0.3307 0.9357 0.3480 0.8934 0.3699 0.8683 0.3558 0.8103 0.3307 0.8150 0.3401 0.7884 0.3589 0.7382 0.3558 0.6975 0.3417 0.6630 0.3401 0.6442 0.3245 0.6520 0.3213 0.6708 0.3088 0.6693 0.3103 0.6505 0.2962 0.6473 0.2790 0.6912 0.2649 0.7226 0.2492 0.7680 0.2429 0.8009 0.2602 0.8229 0.2696 0.7727 0.2900 0.7241 0.2962 0.7476 0.3182 0.7555 0.3103 0.7853 0.3072 0.8260 0.3072 0.8589 0.3150 0.8887 0.3276 0.9013 
1 0.0016 0.0016 0.1176 0.0016 0.2476 0.0000 0.3119 0.0016 0.4451 0.0016 0.4373 0.0078 0.3150 0.0611 0.1803 0.0423 0.0455 0.0251 0.0016 0.0219 
2 0.2022 0.5408 0.1834 0.5737 0.1614 0.6223 0.1520 0.6661 0.1379 0.7038 0.1364 0.7790 0.1332 0.8386 0.1395 0.8809 0.1520 0.9357 0.1708 0.9922 0.1567 0.9969 0.1364 0.9451 0.1176 0.8652 0.1144 0.7837 0.1238 0.6881 0.1473 0.6066 0.1708 0.5470 0.1928 0.5094 
4 0.2524 0.9937 0.2320 0.9028 0.2304 0.8323 0.2414 0.7476 0.2618 0.6818 0.2931 0.6301 0.3495 0.5658 0.4028 0.5172 0.4467 0.4937 0.5251 0.4608 0.6034 0.4483 0.6740 0.4467 0.7414 0.4561 0.8197 0.4749 0.8840 0.4984 0.9969 0.5408 0.9969 0.4028 0.8840 0.3621 0.7696 0.3245 0.6912 0.3213 0.5627 0.3354 0.4906 0.3542 0.4122 0.3777 0.3480 0.4185 0.2837 0.4639 0.2382 0.5204 0.1897 0.6129 0.1646 0.7069 0.1567 0.8088 0.1583 0.8934 0.1850 0.9953 
5 0.2712 0.9828 0.2539 0.8981 0.2555 0.8260 0.2649 0.8229 0.2712 0.7947 0.2806 0.8103 0.2868 0.7947 0.2868 0.7759 0.2947 0.7633 0.3025 0.7821 0.3072 0.7884 0.2947 0.8009 0.2947 0.8292 0.3025 0.8386 0.3041 0.8668 0.2947 0.8824 0.3056 0.8918 0.2994 0.9013 0.3025 0.9044 0.3150 0.9107 0.3056 0.9169 0.3135 0.9310 0.2994 0.9624 0.2962 0.9922 0.2712 0.9937 
