1 0.6129 0.0031 0.6144 0.0564 0.6113 0.1364 0.6129 0.2100 0.6144 0.2429 0.6223 0.2712 0.6473 0.2931 0.6771 0.2884 0.6755 0.2571 0.7053 0.2555 0.7461 0.2508 0.7539 0.2179 0.7508 0.1552 0.7429 0.1129 0.7414 0.0690 0.7257 0.0611 0.7022 0.0517 0.6755 0.0470 0.6646 0.0533 0.6724 0.0658 0.6708 0.0784 0.6426 0.0862 0.6458 0.0517 0.6364 0.0016 
1 0.7618 0.0047 0.7618 0.0549 0.7618 0.1332 0.7649 0.2633 0.7712 0.2806 0.7931 0.2884 0.8150 0.2790 0.8417 0.2821 0.8793 0.2962 0.8824 0.2680 0.9138 0.2696 0.9561 0.3307 0.9969 0.3213 0.9984 0.2837 0.9922 0.2210 0.8871 0.1928 0.8307 0.1458 0.8636 0.1160 0.8527 0.0094 
3 0.5972 0.0000 0.4875 0.1050 0.3574 0.2147 0.3386 0.2492 0.3135 0.2931 0.2649 0.3464 0.1332 0.4483 0.0016 0.5549 0.0016 0.4169 0.0737 0.3730 0.0846 0.3652 0.0925 0.3542 0.1003 0.3260 0.1238 0.2492 0.1426 0.2273 0.1614 0.2210 0.1959 0.1928 0.2774 0.1113 0.2900 0.0956 0.3041 0.0862 0.3150 0.0799 0.3197 0.0815 0.3245 0.0862 0.3213 0.0987 0.3182 0.1207 0.3150 0.1379 0.3150 0.1442 0.3150 0.1505 0.3182 0.1520 0.3276 0.1489 0.3417 0.1364 0.4859 0.0016 
1 0.2304 0.3683 0.2445 0.3777 0.2774 0.3715 0.2947 0.3715 0.3292 0.3511 0.3495 0.3417 0.3809 0.3182 0.3856 0.2900 0.3871 0.2696 0.3981 0.2586 0.4075 0.2445 0.3871 0.2335 0.3840 0.2226 0.3589 0.2335 0.3276 0.2774 0.2915 0.3088 0.2492 0.3417 
2 0.0063 0.8197 0.0282 0.7821 0.0643 0.7100 0.0956 0.6505 0.1238 0.5940 0.1803 0.5016 0.1944 0.4608 0.2241 0.4718 0.2633 0.4922 0.2774 0.4843 0.2257 0.4373 0.2649 0.4122 0.3213 0.3840 0.4232 0.3495 0.5125 0.3103 0.4984 0.2868 0.3903 0.3260 0.3103 0.3636 0.2445 0.4013 0.1975 0.4404 0.2210 0.4592 0.1834 0.4498 0.0611 0.6599 0.0000 0.8009 
2 0.6661 0.3950 0.6803 0.3433 0.6991 0.2915 0.7210 0.2931 0.7774 0.3041 0.8150 0.3119 0.8197 0.3339 0.7962 0.3323 0.7508 0.3245 0.7132 0.3182 0.6959 0.3527 0.6850 0.3903 
6 0.5157 0.0862 0.5157 0.1426 0.5157 0.2022 0.4906 0.2680 0.4969 0.3009 0.5125 0.3307 0.5047 0.3605 0.5502 0.4013 0.5658 0.4216 0.5533 0.4436 0.5204 0.4530 0.4796 0.4702 0.4530 0.5047 0.4608 0.5219 0.4906 0.5094 0.4577 0.5549 0.4326 0.6818 0.3809 0.8511 0.3307 0.9953 0.5345 0.9953 0.6034 0.7571 0.6411 0.6520 0.6834 0.6473 0.7163 0.6536 0.7665 0.7257 0.7382 0.6599 0.7539 0.6599 0.7382 0.6317 0.7210 0.5909 0.7038 0.5564 0.7257 0.5439 0.7445 0.5470 0.7602 0.5172 0.7618 0.4969 0.7414 0.4828 0.7132 0.4655 0.7006 0.4467 0.6740 0.4310 0.6411 0.3950 0.6160 0.2931 0.6066 0.2382 0.6129 0.0408 0.6066 0.0016 
0 0.4216 0.4044 0.4530 0.3997 0.4796 0.4028 0.4969 0.4091 0.5125 0.4201 0.5266 0.4342 0.5392 0.4342 0.5502 0.4310 0.5564 0.4169 0.5423 0.3997 0.5110 0.3824 0.4843 0.3715 0.4561 0.3668 0.4295 0.3621 0.4044 0.3715 0.3856 0.3746 0.3809 0.3856 0.3777 0.3934 0.3840 0.4028 0.4044 0.4028 
2 0.4436 0.5251 0.4169 0.6442 0.3777 0.7790 0.3323 0.9232 0.3088 0.9953 0.3276 0.9953 0.3903 0.8135 0.4342 0.6536 0.4624 0.5282 
1 0.9969 0.4671 0.9671 0.5031 0.9639 0.5141 0.9514 0.5031 0.9216 0.5000 0.9201 0.5219 0.9279 0.5423 0.8887 0.5376 0.8135 0.5658 0.7665 0.6019 0.7790 0.6552 0.7586 0.6897 0.7790 0.7257 0.8041 0.7335 0.8292 0.7774 0.8668 0.7806 0.8918 0.7429 0.9044 0.7571 0.8636 0.8417 0.8636 0.9107 0.8417 0.9389 0.8260 0.9953 0.8918 0.9953 0.9389 0.7288 0.9185 0.6411 0.9122 0.5940 0.9718 0.5690 0.9969 0.4906 
5 0.0016 0.0031 0.4781 0.0031 0.4295 0.0486 0.3025 0.0799 0.1614 0.2179 0.1317 0.2257 0.1223 0.2461 0.0893 0.3558 0.0643 0.3730 0.0016 0.4122 
5 0.9969 0.5031 0.9953 0.9953 0.8966 0.9953 0.9420 0.7241 0.9310 0.5987 0.9765 0.5690 
4 0.9044 0.4890 0.8354 0.4498 0.7618 0.4357 0.6442 0.4310 0.5031 0.4530 0.4373 0.4702 0.3527 0.5298 0.2837 0.5893 0.2555 0.6317 0.2038 0.6975 0.1599 0.7915 0.1129 0.9185 0.0893 0.9984 0.0016 0.9984 0.0016 0.8918 0.0486 0.7931 0.1066 0.6740 0.1881 0.5376 0.2163 0.4937 0.2618 0.4467 0.3370 0.4060 0.4404 0.3636 0.4937 0.3448 0.5549 0.3307 0.6567 0.3213 0.7461 0.3260 0.8323 0.3464 0.9138 0.3699 0.9984 0.4091 0.9906 0.4781 0.9624 0.5125 
