0 0.4060 0.6724 0.4279 0.6458 0.4530 0.6254 0.4577 0.6082 0.4687 0.6082 0.4749 0.6003 0.4843 0.5893 0.5047 0.5846 0.5235 0.5674 0.5502 0.5533 0.5784 0.5408 0.6019 0.5455 0.6254 0.5502 0.6317 0.5423 0.6317 0.5329 0.6191 0.5266 0.6050 0.5235 0.6050 0.5141 0.6097 0.5000 0.6034 0.4624 0.5831 0.4687 0.5690 0.4781 0.5549 0.4875 0.5439 0.5016 0.5313 0.5141 0.5157 0.5235 0.5078 0.5313 0.5000 0.5408 0.4937 0.5455 0.4875 0.5533 0.4749 0.5596 0.4655 0.5690 0.4467 0.5799 0.4342 0.5987 0.4154 0.6207 0.4060 0.6395 
6 0.0031 0.6003 0.1630 0.6693 0.1755 0.6834 0.1897 0.6850 0.2853 0.7179 0.2743 0.7429 0.0016 0.6379 
3 0.0016 0.2837 0.2241 0.1928 0.3981 0.2335 0.4702 0.1991 0.8009 0.0690 0.8150 0.0768 0.9969 0.0110 1.0000 0.1552 0.6097 0.2994 0.5564 0.3213 0.5078 0.3339 0.4498 0.3433 0.4232 0.3433 0.0016 0.5000 
1 0.3997 0.1426 0.4310 0.2179 0.3683 0.2429 0.2618 0.1928 
1 0.0094 0.3401 0.0674 0.3150 0.1238 0.2900 0.2586 0.2555 0.2727 0.2853 0.1708 0.3871 0.0000 0.4514 
2 0.2586 0.9953 0.2492 0.9107 0.2461 0.8103 0.2680 0.7680 0.2179 0.7555 0.2085 0.7445 0.2445 0.6881 0.2900 0.6458 0.3480 0.5909 0.4937 0.4828 0.5533 0.4514 0.6599 0.4028 0.6897 0.4859 0.6912 0.3966 0.7085 0.3997 0.7351 0.4028 0.7633 0.4028 0.8088 0.3981 0.8856 0.3871 0.9279 0.3777 0.9592 0.3793 0.9639 0.3887 0.9969 0.3903 0.9969 0.4075 0.9624 0.4044 0.9608 0.4357 0.9451 0.4687 0.9232 0.5031 0.9138 0.4969 0.9263 0.4718 0.9310 0.4373 0.9310 0.3981 0.8840 0.4028 0.8229 0.4122 0.7727 0.4154 0.7257 0.4185 0.7053 0.4154 0.7053 0.4530 0.7022 0.5000 0.6944 0.5345 0.6865 0.5329 0.6834 0.5078 0.6787 0.4812 0.6505 0.4201 0.5987 0.4436 0.5470 0.4718 0.4812 0.5141 0.4279 0.5502 0.3558 0.6066 0.3025 0.6583 0.2586 0.7022 0.2398 0.7445 0.2821 0.7602 0.2821 0.7806 0.2649 0.8072 0.2649 0.8605 0.2649 0.9232 0.2743 0.9953 
8 0.6003 0.9451 0.6160 0.9201 0.6536 0.8777 0.7132 0.8292 0.7853 0.7931 0.8809 0.7618 0.9483 0.7508 0.9969 0.7476 0.9984 0.7335 0.9530 0.7382 0.8918 0.7476 0.8213 0.7633 0.7586 0.7821 0.6912 0.8197 0.6332 0.8699 0.5987 0.9138 0.5862 0.9436 
8 0.6708 0.9984 0.6912 0.9734 0.7398 0.9404 0.7962 0.9044 0.8448 0.8793 0.9013 0.8621 0.9953 0.8433 0.9953 0.8245 0.9232 0.8354 0.8417 0.8605 0.7712 0.8950 0.7085 0.9326 0.6630 0.9812 0.6567 0.9953 
4 0.3903 0.9969 0.3793 0.9420 0.3762 0.8511 0.3997 0.7727 0.4451 0.6912 0.4812 0.6458 0.5345 0.6019 0.5831 0.5721 0.6317 0.5486 0.6912 0.5345 0.7680 0.5172 0.8636 0.5063 0.9467 0.5016 0.9969 0.5047 0.9953 0.3966 0.9044 0.3997 0.8009 0.4091 0.7132 0.4201 0.6317 0.4436 0.5752 0.4687 0.5110 0.5063 0.4404 0.5502 0.3699 0.6097 0.3339 0.6489 0.3025 0.6928 0.2900 0.7304 0.2821 0.7853 0.2774 0.8229 0.2774 0.8809 0.2774 0.9232 0.2837 0.9734 0.2868 0.9984 
5 0.1818 0.0047 0.2524 0.1928 0.4028 0.1379 0.4342 0.2147 0.6473 0.1254 0.5313 0.1395 0.5157 0.0016 
6 0.4107 0.7837 0.4655 0.6944 0.4765 0.7006 0.4514 0.7351 0.4498 0.7727 0.4655 0.8025 0.4389 0.8433 0.4404 0.9310 0.4342 0.9639 0.4028 0.9389 0.3777 0.8777 0.3746 0.8433 0.4201 0.7382 
