4 0.1740 0.2116 0.2618 0.2273 0.3354 0.2461 0.4451 0.2712 0.6583 0.3229 0.7288 0.3370 0.8417 0.3652 1.0000 0.3903 0.9984 0.4984 0.8370 0.4718 0.7022 0.4545 0.5235 0.4154 0.3918 0.3746 0.2962 0.3511 0.2241 0.3433 
1 0.0627 0.3918 0.0455 0.2539 0.0705 0.2524 0.0987 0.2821 0.1301 0.2367 0.1834 0.2618 0.1771 0.1975 0.5110 0.2774 0.4561 0.1567 0.3417 0.1630 0.3715 0.2288 0.3417 0.2273 0.3009 0.1520 0.2414 0.1677 0.1238 0.2226 0.1348 0.1771 0.2508 0.1426 0.1975 0.1082 0.1285 0.1223 0.0658 0.0188 0.0157 0.0235 0.0016 0.0502 0.0016 0.4263 
1 0.7524 0.0313 0.8135 0.0878 0.8480 0.1050 0.8856 0.1003 0.9122 0.0893 0.9216 0.0705 0.8856 0.0502 0.8119 0.0392 
1 0.4075 0.0627 0.4295 0.0878 0.4467 0.1034 0.4608 0.0831 0.4687 0.0658 0.4263 0.0486 0.4044 0.0455 
1 0.6552 0.2994 0.6944 0.3009 0.7696 0.3103 0.8448 0.3323 0.9514 0.3527 0.9969 0.3527 1.0000 0.3840 0.6066 0.3056 0.5313 0.2868 0.6677 0.2837 
1 0.2022 0.3307 0.2116 0.4028 0.2226 0.5627 0.2429 0.7053 0.2618 0.7335 0.2618 0.7571 0.2320 0.7806 0.2602 0.7994 0.2571 0.8245 0.2335 0.8621 0.2429 0.9984 0.3009 0.9984 0.2806 0.8182 0.3197 0.7680 0.2853 0.7100 0.3056 0.6630 0.2649 0.6364 0.2806 0.6082 0.2476 0.5737 0.2806 0.5188 0.2288 0.4828 0.2586 0.4781 0.2241 0.4624 0.2288 0.4451 0.2680 0.4404 0.2273 0.4216 0.2539 0.3840 0.2210 0.3746 0.2398 0.3511 
5 0.0016 0.4373 0.0925 0.3809 0.1473 0.3511 0.1897 0.3354 0.2382 0.7288 0.2273 0.7680 0.2288 0.8025 0.2320 0.9953 0.0063 0.9937 
0 0.3448 0.3918 0.3777 0.4138 0.4248 0.4420 0.4436 0.4467 0.4295 0.4154 0.4592 0.4295 0.5063 0.4389 0.5533 0.4530 0.6238 0.4592 0.6426 0.4483 0.6458 0.4373 0.5940 0.4295 0.5580 0.4248 0.4828 0.4044 0.4279 0.3824 0.3699 0.3652 0.3574 0.3746 0.3652 0.3887 
0 0.4201 0.3292 0.4373 0.3433 0.4561 0.3558 0.4734 0.3668 0.4984 0.3871 0.5251 0.3966 0.5392 0.4075 0.5564 0.4122 0.5705 0.4232 0.5925 0.4310 0.6207 0.4373 0.6395 0.4373 0.6489 0.4342 0.6442 0.4216 0.6191 0.4169 0.6693 0.4248 0.7022 0.4248 0.7414 0.4185 0.7868 0.4248 0.8276 0.4185 0.8683 0.4075 0.8950 0.3871 0.8793 0.3809 0.8542 0.3934 0.8276 0.3950 0.7884 0.3950 0.7414 0.3871 0.7069 0.3887 0.6473 0.3871 0.6066 0.3809 0.5784 0.3793 0.5737 0.3903 0.5768 0.3966 0.5470 0.3824 0.5157 0.3668 0.4781 0.3464 0.4545 0.3245 0.4216 0.3025 0.4122 0.3103 
5 0.0878 0.0094 0.1301 0.0658 0.1771 0.0690 0.2132 0.0893 0.2335 0.0799 0.2461 0.0439 0.3166 0.0690 0.3417 0.1379 0.3950 0.1442 0.4514 0.1379 0.4984 0.1881 0.5439 0.1740 0.6787 0.2241 0.7665 0.2414 0.7633 0.2194 0.6991 0.2163 0.6144 0.1646 0.5799 0.1426 0.5439 0.1254 0.5063 0.1473 0.4451 0.1238 0.3527 0.1254 0.3354 0.0799 0.3652 0.0204 0.4013 0.0251 0.4890 0.0580 0.5392 0.0940 0.5987 0.0878 0.6646 0.1395 0.7179 0.1834 0.7586 0.1881 0.7837 0.1583 0.8354 0.1332 0.7884 0.0925 0.7524 0.0878 0.7288 0.1191 0.6693 0.0643 0.5940 0.0016 
