2 0.4624 0.5282 0.4451 0.5172 0.3699 0.5031 0.3605 0.4969 0.2821 0.4953 0.2727 0.4906 0.2382 0.4969 0.2367 0.5094 0.1552 0.5470 0.1395 0.5486 0.0000 0.8339 0.0016 0.8072 0.1332 0.5266 0.1614 0.5251 0.2257 0.4984 0.2147 0.4875 0.2147 0.4781 0.2304 0.4718 0.2837 0.4671 0.2931 0.4718 0.3150 0.4702 0.3229 0.4687 0.3464 0.4702 0.3574 0.4781 0.3793 0.4859 0.4185 0.4890 0.4498 0.5000 0.4655 0.5157 0.4718 0.5251 
1 0.6693 0.9984 0.6034 0.9984 0.6912 0.7790 0.6834 0.7320 0.7053 0.7038 0.7273 0.7241 0.7367 0.6818 0.7931 0.6928 0.8135 0.7320 0.8542 0.7727 0.8589 0.8762 0.8793 0.8448 0.9169 0.8715 0.9091 0.9013 0.8887 0.9075 0.8589 0.8824 0.8511 0.9075 0.8542 0.9357 0.8746 0.9060 0.9044 0.9138 0.9216 0.8918 0.9561 0.8824 0.9984 0.8871 0.9984 0.9984 0.8417 0.9953 0.8354 0.7978 0.7790 0.7351 0.7555 0.7382 0.7633 0.7727 0.7602 0.7790 0.7539 0.7774 0.7304 0.7665 0.7163 0.8150 0.6959 0.8621 0.7163 0.8793 0.6818 0.9749 
5 0.8354 0.9953 0.8339 0.7978 0.7743 0.7398 0.7633 0.7414 0.7665 0.7821 0.7320 0.7759 0.7335 0.8009 0.7241 0.8009 0.7147 0.8323 0.7179 0.8370 0.7179 0.8621 0.7022 0.8558 0.7006 0.8605 0.7210 0.8809 0.6755 0.9984 
0 0.1301 0.4342 0.1614 0.4295 0.1865 0.4201 0.1991 0.4138 0.2335 0.4060 0.2696 0.4091 0.3182 0.4154 0.3448 0.4201 0.3730 0.4279 0.3871 0.4279 0.3966 0.4342 0.4201 0.4451 0.4279 0.4436 0.4404 0.4577 0.4530 0.4577 0.4561 0.4467 0.4451 0.4248 0.4310 0.4075 0.4122 0.3966 0.3856 0.3809 0.3401 0.3652 0.3041 0.3558 0.2743 0.3495 0.2539 0.3527 0.2320 0.3542 0.2100 0.3621 0.2085 0.3746 0.2163 0.3824 0.1991 0.3793 0.1865 0.3824 0.1505 0.3871 0.1285 0.3997 0.1176 0.4060 0.1129 0.4154 0.1129 0.4310 
0 0.5047 0.4122 0.5251 0.4154 0.5408 0.4154 0.5611 0.4154 0.5799 0.4154 0.6003 0.4154 0.6160 0.4122 0.6411 0.4122 0.6536 0.4154 0.6630 0.4122 0.6661 0.4075 0.6552 0.3981 0.6411 0.3950 0.6238 0.3903 0.6129 0.3903 0.6034 0.3824 0.5940 0.3777 0.5909 0.3887 0.5752 0.3887 0.5470 0.3856 0.5266 0.3840 0.5125 0.3840 0.5000 0.3903 0.4969 0.4013 
0 0.4169 0.3840 0.4389 0.3824 0.4577 0.3793 0.4687 0.3809 0.4749 0.3871 0.4843 0.3981 0.4749 0.4044 0.4624 0.4028 0.4530 0.4028 0.4310 0.4060 0.4185 0.4028 0.4075 0.3871 
2 0.6865 0.4107 0.6881 0.4279 0.7257 0.4687 0.7571 0.5125 0.7837 0.5533 0.8103 0.5909 0.8339 0.6473 0.8495 0.6991 0.8636 0.7006 0.8480 0.6426 0.8260 0.5940 0.7994 0.5502 0.7633 0.4984 0.7320 0.4530 0.7069 0.4216 
2 0.5502 0.2508 0.5470 0.2712 0.4248 0.2994 0.3527 0.3197 0.2367 0.3401 0.1803 0.3574 0.1050 0.3903 0.0000 0.4467 0.0047 0.4169 0.0517 0.3903 0.1019 0.3621 0.1301 0.3480 0.1818 0.3339 0.2273 0.3213 0.2868 0.3025 0.3339 0.2978 0.3950 0.2806 0.4483 0.2680 0.5016 0.2555 
6 0.4498 0.4655 0.4577 0.4890 0.4702 0.5235 0.4451 0.5345 0.4185 0.5313 0.4028 0.5580 0.4060 0.5784 0.3715 0.6332 0.3527 0.6787 0.3370 0.7069 0.2241 0.8511 0.1724 0.8511 0.0862 0.9404 0.0533 0.9984 0.3433 0.9969 0.3574 0.9514 0.3558 0.9263 0.3370 0.9044 0.3511 0.8824 0.3730 0.8636 0.4185 0.8354 0.4687 0.7727 0.4906 0.6661 0.5408 0.5862 0.5470 0.5596 0.5533 0.5188 0.6082 0.5219 0.6348 0.5094 0.6379 0.4765 0.6207 0.4389 0.6034 0.4216 0.5658 0.4169 0.5392 0.4185 0.5000 0.4122 0.4906 0.3950 0.4718 0.4107 0.4530 0.4091 0.4436 0.4122 0.4592 0.4404 
3 0.7257 0.0016 0.3433 0.1818 0.3245 0.2116 0.2900 0.2367 0.2445 0.2586 0.0016 0.3683 0.0016 0.2304 0.0141 0.2147 0.0361 0.2022 0.0549 0.2038 0.2524 0.1019 0.2618 0.0987 0.2712 0.1003 0.2696 0.1144 0.2665 0.1348 0.2696 0.1411 0.2759 0.1442 0.2868 0.1442 0.2994 0.1364 0.3652 0.1082 0.5846 0.0016 
5 0.0016 0.0016 0.5784 0.0016 0.3652 0.1066 0.2618 0.0893 0.0517 0.1959 0.0345 0.1991 0.0063 0.2147 0.0016 0.2257 
1 0.7100 0.1505 0.6818 0.1834 0.6724 0.2304 0.6661 0.2539 0.6536 0.2649 0.6426 0.2837 0.6505 0.3025 0.6787 0.3182 0.7163 0.3213 0.7445 0.3025 0.7414 0.2633 0.7100 0.2241 0.7320 0.1505 
4 0.0016 0.6364 0.0266 0.6097 0.0627 0.5862 0.1019 0.5611 0.1317 0.5392 0.1818 0.5141 0.2210 0.4953 0.2962 0.4843 0.3276 0.4812 0.3652 0.4781 0.3997 0.4812 0.4404 0.4875 0.4828 0.4969 0.5157 0.5063 0.5502 0.5219 0.5956 0.5517 0.6285 0.5799 0.6755 0.6270 0.7038 0.6630 0.7273 0.6928 0.7414 0.6787 0.7665 0.6850 0.7962 0.6928 0.8103 0.7132 0.8589 0.7226 0.8777 0.7022 0.8840 0.6865 0.8699 0.6536 0.8370 0.5831 0.7837 0.5078 0.7602 0.4702 0.7273 0.4373 0.6567 0.3887 0.6034 0.3542 0.5580 0.3370 0.4969 0.3339 0.3997 0.3401 0.3699 0.3401 0.3276 0.3480 0.2665 0.3558 0.1912 0.3746 0.0940 0.4169 0.0376 0.4498 0.0000 0.4718 
1 0.8699 0.7147 0.8668 0.7727 0.8683 0.8354 0.8871 0.8307 0.9013 0.8197 0.9091 0.8150 0.9185 0.7931 0.9326 0.7508 0.9295 0.7351 0.8966 0.7476 0.8856 0.7382 0.9044 0.7179 0.8918 0.6959 
1 0.9514 0.7476 0.9577 0.7759 0.9608 0.7978 0.9483 0.8135 0.9404 0.8307 0.9420 0.8417 0.9420 0.8589 0.9498 0.8668 0.9639 0.8730 0.9687 0.8574 0.9718 0.8386 0.9639 0.8229 0.9718 0.8056 0.9843 0.7978 0.9953 0.7680 0.9702 0.7414 
