0 0.5031 0.3966 0.5455 0.4639 0.5972 0.5455 0.6223 0.5831 0.6614 0.6520 0.7304 0.7978 0.7743 0.8824 0.8072 0.8683 0.7429 0.7351 0.6991 0.6348 0.6364 0.5392 0.5862 0.4483 0.5361 0.3777 0.5235 0.3652 
1 0.4467 0.5298 0.4843 0.6034 0.5439 0.7257 0.6270 0.8746 0.6677 0.9561 0.6991 0.9279 0.6646 0.8589 0.6583 0.7868 0.5987 0.7194 0.5580 0.6740 0.5219 0.6050 0.5063 0.5596 0.4749 0.5282 
1 0.4107 0.5219 0.3981 0.5674 0.4201 0.6285 0.4530 0.7194 0.4906 0.7868 0.5392 0.8887 0.6113 0.9953 0.6552 0.9639 
0 0.3103 0.5094 0.3323 0.4969 0.3542 0.4749 0.3824 0.4577 0.4013 0.4467 0.4279 0.4420 0.4577 0.4279 0.4655 0.4091 0.4890 0.4013 0.5094 0.3856 0.5157 0.3746 0.5000 0.3683 0.4687 0.3730 0.4624 0.3856 0.4310 0.3981 0.4122 0.4060 0.3840 0.4122 0.3527 0.4263 0.3056 0.4592 0.2994 0.4812 0.3041 0.5000 
4 0.9875 0.4091 0.9075 0.3699 0.8041 0.3417 0.7069 0.3339 0.6097 0.3448 0.5282 0.3605 0.4373 0.4263 0.4028 0.4655 0.3636 0.3574 0.4044 0.3025 0.4639 0.2633 0.6144 0.2179 0.7006 0.2163 0.8166 0.2398 0.9044 0.2743 0.9671 0.3041 0.9922 0.3150 
1 0.3025 0.0110 0.4373 0.2492 0.5627 0.2179 0.6473 0.1881 0.6395 0.1003 0.5674 0.0016 
5 0.2147 0.0047 0.0329 0.9828 0.0313 0.9969 0.0016 0.9984 0.0000 0.0000 
1 0.2147 0.0674 0.1991 0.1082 0.1991 0.1426 0.2429 0.2147 0.2837 0.2649 0.3072 0.3260 0.2524 0.3887 0.2226 0.3793 0.1818 0.3448 0.1505 0.3558 0.1238 0.4953 0.0940 0.6348 0.0486 0.8856 0.0423 0.9483 0.0455 0.9922 0.0752 0.9326 0.0956 0.7837 0.1379 0.6097 0.1740 0.4655 0.2147 0.4154 0.1897 0.5063 0.1646 0.5643 0.1442 0.6505 0.1567 0.7633 0.1771 0.8103 0.1708 0.9091 0.2006 0.9922 0.2241 0.9013 0.2320 0.7476 0.2100 0.6442 0.2273 0.5596 0.2743 0.4702 0.3652 0.3683 0.3150 0.2571 0.2868 0.1865 
5 0.2194 0.9922 0.2414 0.8730 0.2743 0.7257 0.3809 0.6191 0.3903 0.6881 0.4185 0.7508 0.4906 0.8417 0.5078 0.8981 0.5831 0.9969 
5 0.6332 0.9984 0.6708 0.9639 0.7445 0.9107 0.8354 0.8699 0.9389 0.8589 0.9969 0.8558 0.9984 0.9483 0.9671 0.9749 0.9545 0.9984 
