1 0.0016 0.2335 0.0016 0.2524 0.0909 0.2555 0.0784 0.2931 0.0972 0.3182 0.1520 0.2978 0.1834 0.2774 0.1959 0.2476 0.2022 0.2837 0.1881 0.3056 0.1395 0.3245 0.0784 0.3511 0.0047 0.4357 0.0000 0.4937 0.1207 0.4420 0.1865 0.4044 0.2680 0.3417 0.2931 0.3245 0.2508 0.3009 0.2382 0.2727 0.2978 0.2665 0.2602 0.2304 0.0078 0.2288 
0 0.3401 0.1897 0.3276 0.2006 0.3260 0.2226 0.3433 0.2398 0.3683 0.2445 0.3824 0.2492 0.3871 0.2618 0.4028 0.2680 0.4091 0.2774 0.4169 0.2947 0.4389 0.3072 0.4655 0.3260 0.4828 0.3323 0.4969 0.3370 0.5094 0.3464 0.5298 0.3652 0.5345 0.3793 0.5486 0.4122 0.5658 0.4451 0.5627 0.4749 0.5737 0.4969 0.5815 0.5141 0.5862 0.5361 0.5972 0.5627 0.6050 0.5893 0.6113 0.6411 0.6144 0.6755 0.6176 0.7085 0.6113 0.7288 0.6097 0.7571 0.6082 0.7790 0.6113 0.7994 0.6019 0.8166 0.6034 0.8323 0.5956 0.8542 0.5987 0.8683 0.6191 0.8527 0.6223 0.8260 0.6285 0.7994 0.6301 0.7790 0.6332 0.7649 0.6442 0.7398 0.6583 0.7116 0.6599 0.6975 0.6708 0.6803 0.6630 0.6489 0.6489 0.5862 0.6411 0.5423 0.6442 0.5078 0.6270 0.4922 0.6238 0.4624 0.6003 0.4154 0.5768 0.3668 0.5517 0.3307 0.5251 0.3009 0.5157 0.2759 0.4969 0.2618 0.4859 0.2257 0.4718 0.2132 0.4577 0.1975 0.4357 0.1834 0.4295 0.1897 0.4091 0.1865 0.3903 0.1787 0.3730 0.1755 
6 0.5752 0.8119 0.5596 0.8260 0.5408 0.8448 0.5313 0.8652 0.5063 0.8793 0.4592 0.9075 0.3683 0.9592 0.2962 0.9984 0.4373 1.0000 0.5219 0.9467 0.5423 0.9342 0.5721 0.9232 0.5643 0.9561 0.5643 0.9765 0.6050 0.9890 0.6442 0.9828 0.6583 0.9451 0.7038 0.9796 0.7085 0.9624 0.6740 0.9295 0.6630 0.9013 0.6708 0.8699 0.6646 0.8354 0.6301 0.8166 0.5940 0.8119 
1 0.3072 0.9592 0.3229 0.9639 0.3480 0.9592 0.3558 0.9373 0.3668 0.9357 0.3793 0.9310 0.3918 0.9138 0.4013 0.9107 0.3887 0.8762 0.4154 0.8981 0.4357 0.8746 0.4530 0.8652 0.4467 0.8480 0.4216 0.8354 0.3950 0.8464 0.4060 0.8292 0.3950 0.8276 0.3809 0.8386 0.3464 0.8511 0.3480 0.8746 0.3229 0.9091 0.2837 0.9404 
1 0.4044 0.7821 0.4028 0.7947 0.3981 0.8041 0.3871 0.8119 0.3605 0.8197 0.3668 0.8276 0.3840 0.8276 0.3950 0.8197 0.4060 0.8103 0.4107 0.8213 0.4389 0.8307 0.4514 0.8370 0.4608 0.8433 0.4420 0.8213 0.4201 0.8135 0.4169 0.7821 
3 0.9984 0.2273 0.7492 0.0016 0.9279 0.0016 1.0000 0.0752 
4 0.6442 0.0047 0.9984 0.3715 1.0000 0.2288 0.7445 0.0016 
5 1.0000 0.0016 1.0000 0.0643 0.9373 0.0031 
4 0.2978 0.2335 0.2539 0.2288 0.1411 0.2257 0.0455 0.2288 0.0047 0.2351 0.0016 0.1567 0.0502 0.1520 0.0956 0.1489 0.1301 0.1473 0.1630 0.1458 0.2116 0.1442 0.2508 0.1458 0.2931 0.1458 0.3354 0.1505 0.3558 0.1567 0.3495 0.1787 0.3370 0.2006 0.3213 0.2226 0.3072 0.2320 
4 0.5674 0.8354 0.5611 0.8605 0.5392 0.9154 0.5235 0.9655 0.5047 0.9984 0.6771 0.9984 0.6928 0.9498 0.7132 0.9013 0.7194 0.8636 0.7210 0.8339 
2 0.6677 0.4718 0.6771 0.5047 0.6928 0.5737 0.7194 0.6850 0.7257 0.7665 0.7586 0.7539 0.7351 0.6097 0.6944 0.4467 
