2 0.1881 0.5408 0.1771 0.5188 0.1787 0.4890 0.1771 0.4561 0.1787 0.4357 0.1834 0.4169 0.1928 0.4013 0.2006 0.3981 0.2226 0.3981 0.2414 0.3981 0.2602 0.4044 0.2884 0.4060 0.2994 0.4122 0.3119 0.4107 0.3292 0.4107 0.3495 0.4154 0.3699 0.4169 0.3856 0.4216 0.3950 0.4232 0.4075 0.4232 0.4169 0.4248 0.4295 0.4295 0.4420 0.4357 0.4608 0.4420 0.4749 0.4483 0.4890 0.4530 0.5047 0.4608 0.5016 0.4702 0.4906 0.4687 0.4765 0.4671 0.4608 0.4687 0.4483 0.4639 0.4357 0.4577 0.4232 0.4530 0.4060 0.4483 0.3903 0.4483 0.3762 0.4483 0.3636 0.4420 0.3480 0.4420 0.3323 0.4373 0.3119 0.4326 0.2915 0.4357 0.2774 0.4357 0.2665 0.4295 0.2461 0.4248 0.2226 0.4216 0.1991 0.4216 0.2006 0.4389 0.1975 0.4639 0.2022 0.4828 0.2006 0.5094 0.1991 0.5235 0.2038 0.5361 
6 0.1599 0.6270 0.1536 0.6536 0.1771 0.6897 0.2132 0.6897 0.2445 0.6928 0.2790 0.7006 0.3903 0.7179 0.5188 0.7492 0.6348 0.7743 0.7194 0.7915 0.8166 0.8119 0.8793 0.8182 0.9483 0.8354 0.9969 0.8495 1.0000 0.7304 0.8197 0.6803 0.6646 0.6411 0.5486 0.5987 0.4922 0.5862 0.4687 0.5674 0.4577 0.5517 0.4483 0.5408 0.4248 0.5235 0.3840 0.5361 0.3370 0.5345 0.2947 0.5549 0.2602 0.5658 0.2320 0.5627 0.2085 0.5408 0.1630 0.4734 0.1489 0.4232 0.1285 0.3009 0.1097 0.2555 0.0862 0.1944 0.0846 0.1426 0.0815 0.1019 0.0204 0.0705 0.0956 0.5455 0.1411 0.6364 
5 0.0063 0.8386 0.1411 1.0000 0.0031 0.9937 
5 0.0031 0.0063 0.9953 0.0110 0.9969 0.4671 0.0016 0.0549 
0 0.2210 0.5125 0.2163 0.5219 0.2194 0.5345 0.2335 0.5423 0.2429 0.5470 0.2555 0.5329 0.2649 0.5219 0.2790 0.5094 0.2978 0.5063 0.3103 0.5094 0.3245 0.5094 0.3401 0.5078 0.3542 0.5000 0.3730 0.5063 0.3856 0.5016 0.4044 0.5016 0.4232 0.5031 0.4420 0.5078 0.4608 0.5078 0.4796 0.5125 0.4969 0.5188 0.5157 0.5266 0.5313 0.5376 0.5439 0.5423 0.5470 0.5345 0.5423 0.5235 0.5376 0.5125 0.5361 0.4984 0.5266 0.4922 0.5094 0.4875 0.4937 0.4843 0.5329 0.4812 0.5502 0.4843 0.5643 0.4812 0.5611 0.4749 0.5439 0.4702 0.5188 0.4671 0.4890 0.4687 0.4561 0.4734 0.4436 0.4749 0.4169 0.4718 0.3793 0.4734 0.3307 0.4765 0.2947 0.4812 0.2665 0.4843 0.2414 0.5000 0.2304 0.5016 
3 0.4969 0.2696 0.5361 0.2994 0.6223 0.3386 0.7727 0.3997 0.9013 0.4561 1.0000 0.5000 0.9969 0.4765 
2 0.5549 0.5000 0.5846 0.5125 0.6097 0.5329 0.6285 0.5533 0.6442 0.5690 0.6614 0.5909 0.6740 0.6019 0.6881 0.5987 0.6661 0.5674 0.6348 0.5329 0.5987 0.5031 0.5643 0.4843 
2 0.0047 0.6630 0.0282 0.6379 0.0627 0.6097 0.0831 0.5846 0.1097 0.5627 0.1301 0.5502 0.1129 0.5376 0.0925 0.5564 0.0737 0.5752 0.0925 0.5470 0.0987 0.5282 0.0878 0.5251 0.0768 0.5423 0.0611 0.5674 0.0486 0.5799 0.0361 0.5956 0.0313 0.6050 0.0016 0.6317 
1 0.4639 0.5329 0.4687 0.5564 0.4843 0.5596 0.4906 0.5752 0.5376 0.5940 0.5596 0.5987 0.6003 0.6144 0.6254 0.6254 0.6113 0.6019 0.5517 0.5752 0.4828 0.5439 
4 0.0031 0.8292 0.0235 0.7947 0.0674 0.7288 0.1113 0.6755 0.1552 0.6176 0.2524 0.5643 0.3088 0.5408 0.3746 0.5282 0.4248 0.5266 0.4608 0.5345 0.5157 0.5486 0.5517 0.5627 0.5721 0.5705 0.5987 0.5000 0.5721 0.4812 0.5110 0.4561 0.4749 0.4451 0.4232 0.4373 0.3746 0.4373 0.3276 0.4404 0.2853 0.4420 0.2382 0.4592 0.1897 0.4718 0.1442 0.4953 0.0893 0.5282 0.0392 0.5752 0.0063 0.6144 0.0000 0.6207 
1 0.1395 0.9718 0.1724 0.9577 0.1928 0.9765 0.1991 0.9984 0.1458 0.9937 
