0 0.3777 0.2868 0.3605 0.2962 0.3652 0.3088 0.3699 0.3260 0.3871 0.3213 0.4279 0.3182 0.4530 0.3213 0.4687 0.3213 0.4812 0.3088 0.4890 0.2994 0.4828 0.2931 0.4749 0.2884 0.4310 0.2821 0.4028 0.2821 
0 0.2821 0.3887 0.2994 0.3887 0.3150 0.3777 0.3386 0.3683 0.3699 0.3511 0.3683 0.3417 0.3417 0.3433 0.3088 0.3542 0.2774 0.3683 0.2649 0.3762 
1 0.5251 0.0705 0.4875 0.3307 0.5376 0.3025 0.5219 0.3307 0.5502 0.3589 0.6317 0.2806 0.6348 0.2022 0.5721 0.2712 0.5940 0.0047 0.5658 0.0016 
6 0.3386 0.4404 0.3307 0.4326 0.3715 0.3589 0.3840 0.3339 0.3918 0.3260 0.4201 0.3197 0.4451 0.3150 0.4592 0.3245 0.4718 0.3417 0.4749 0.3621 0.4592 0.3762 0.4404 0.3840 0.4169 0.3934 0.3903 0.4044 0.3715 0.4169 
1 0.0047 0.5282 0.0047 0.5611 0.3150 0.4467 0.2931 0.5063 0.0439 0.7853 0.0580 0.8433 0.1301 0.8150 0.1959 0.6959 0.2931 0.5204 0.3276 0.4373 0.3323 0.4044 0.2194 0.4420 0.0674 0.5078 
3 0.4498 0.8229 0.4279 0.8715 0.4154 0.9984 0.4530 0.9969 0.4624 0.8401 
1 0.5408 0.5596 0.4969 0.6442 0.5157 0.7288 0.5313 0.7351 0.5502 0.5705 
4 0.0016 0.4577 0.0564 0.4279 0.1897 0.3605 0.2445 0.3307 0.3307 0.2931 0.3495 0.2868 0.3339 0.3997 0.1520 0.4671 0.0047 0.5282 
5 0.0000 0.1693 0.4028 0.0752 0.5219 0.0455 0.5580 0.0031 0.0000 0.0016 
5 0.9984 0.0016 0.5972 0.0016 0.5752 0.2633 0.6411 0.1944 0.6348 0.2868 0.6238 0.3025 0.6129 0.4310 0.5909 0.4467 0.5439 0.7288 0.5063 0.8824 0.4639 0.8903 0.4577 0.9984 0.9969 0.9984 
4 0.0439 0.9984 0.0831 0.9514 0.1489 0.8527 0.2273 0.7116 0.3025 0.5721 0.3401 0.4937 0.3433 0.4545 0.3323 0.4451 0.3245 0.4639 0.3025 0.5063 0.2680 0.5752 0.1771 0.7414 0.1019 0.8683 0.0298 0.9655 0.0000 0.9984 
