3 0.3386 0.0016 0.0940 0.1238 0.0658 0.1771 0.0016 0.2163 0.0016 0.2492 0.3683 0.0768 0.4122 0.0690 0.4498 0.0549 0.5204 0.0266 0.5690 0.0016 
0 0.3213 0.4545 0.3401 0.4483 0.3495 0.4342 0.3589 0.4060 0.3715 0.3903 0.3824 0.3809 0.3966 0.3699 0.4091 0.3605 0.4122 0.3495 0.4232 0.3417 0.4279 0.3339 0.4342 0.3307 0.4373 0.3245 0.4467 0.3213 0.4561 0.3072 0.4687 0.2931 0.4812 0.2900 0.4906 0.2774 0.5031 0.2712 0.5094 0.2665 0.5266 0.2618 0.5376 0.2492 0.5658 0.2398 0.5815 0.2367 0.5925 0.2273 0.5705 0.2132 0.5470 0.2241 0.5235 0.2335 0.5439 0.2179 0.5549 0.2116 0.5658 0.2006 0.5784 0.1928 0.5878 0.1865 0.5972 0.1677 0.5972 0.1489 0.5752 0.1614 0.5611 0.1771 0.5533 0.1881 0.5313 0.1991 0.5157 0.2163 0.5000 0.2288 0.4937 0.2398 0.4781 0.2524 0.4577 0.2649 0.4577 0.2712 0.4451 0.2759 0.4373 0.2900 0.4216 0.2978 0.3840 0.3464 0.3433 0.3871 0.3260 0.4201 
2 0.2320 0.4122 0.2461 0.4514 0.2320 0.4561 0.2053 0.3997 0.2618 0.3527 0.3119 0.3182 0.3762 0.2680 0.4498 0.2179 0.4906 0.2022 0.5361 0.1881 0.5031 0.2179 0.4687 0.2304 0.4420 0.2476 0.3903 0.2837 0.3417 0.3182 0.3307 0.3417 0.3072 0.3417 0.2539 0.3871 
2 0.6066 0.1536 0.6034 0.1677 0.6285 0.1583 0.6348 0.1505 0.7680 0.1270 0.8103 0.1223 0.8558 0.1191 0.9342 0.1207 0.9969 0.1223 0.9953 0.1113 0.9263 0.1082 0.8527 0.1097 0.7790 0.1160 0.7069 0.1285 0.6426 0.1395 0.6097 0.1458 
6 0.3056 0.4655 0.2618 0.4592 0.1959 0.4420 0.0705 0.4044 0.0172 0.3934 0.0016 0.3997 0.0078 0.4279 0.0251 0.4467 0.0674 0.4687 0.1301 0.4890 0.1803 0.5031 0.2241 0.5219 0.2680 0.5172 0.2900 0.5361 0.2962 0.5549 0.3260 0.5878 0.3527 0.6144 0.3652 0.6536 0.3966 0.6411 0.4279 0.5909 0.4420 0.6395 0.4671 0.6254 0.5000 0.6505 0.5329 0.6129 0.6975 0.5831 0.8260 0.5658 0.9734 0.5392 0.9906 0.5408 0.9984 0.4107 0.7555 0.4028 0.6003 0.4107 0.4828 0.4122 0.4687 0.4091 0.4718 0.3934 0.4420 0.4075 0.4154 0.4295 0.3840 0.4498 0.3276 0.4734 
1 0.4718 0.9890 0.4828 0.9107 0.6034 0.8824 0.7351 0.9592 0.8276 0.9687 0.8950 0.9169 0.9906 0.9107 0.9953 0.8401 0.8323 0.8918 0.8088 0.9154 0.7414 0.9216 0.6176 0.8574 0.5815 0.7539 0.5188 0.8166 0.4483 0.8213 0.4404 0.9937 
2 0.1630 0.5141 0.1395 0.5345 0.1301 0.5674 0.1176 0.6129 0.1191 0.6944 0.1301 0.8119 0.1583 0.8997 0.1771 0.9906 0.1614 0.9922 0.1332 0.8856 0.1144 0.8119 0.1050 0.7100 0.1050 0.5987 0.1270 0.5251 0.1379 0.5063 
4 0.9984 0.1991 0.9357 0.1991 0.8182 0.2069 0.7100 0.2288 0.6160 0.2586 0.5361 0.2994 0.4812 0.3339 0.4342 0.3777 0.3997 0.4279 0.3699 0.4875 0.3542 0.5721 0.3448 0.6285 0.3433 0.6787 0.3480 0.7382 0.3574 0.8072 0.3746 0.8746 0.3966 0.9404 0.4263 0.9953 0.2962 0.9969 0.2571 0.9169 0.2320 0.8041 0.2241 0.7038 0.2304 0.6160 0.2429 0.5251 0.2649 0.4592 0.2962 0.4060 0.3558 0.3307 0.4248 0.2696 0.4890 0.2335 0.5940 0.1897 0.6567 0.1630 0.7571 0.1473 0.8386 0.1426 0.9342 0.1411 0.9984 0.1426 
8 0.9107 0.3150 0.8668 0.3417 0.8307 0.3730 0.8072 0.4028 0.7853 0.4373 0.7790 0.4796 0.7696 0.5266 0.7524 0.5627 0.7351 0.5470 0.7382 0.5188 0.7539 0.4592 0.7759 0.4201 0.7994 0.3840 0.8323 0.3511 0.8636 0.3260 0.9013 0.3056 
8 0.8840 0.5737 0.8950 0.5157 0.9201 0.4498 0.9483 0.3966 0.9843 0.3715 0.9953 0.3621 0.9969 0.3464 0.9467 0.3777 0.9169 0.4185 0.8918 0.4702 0.8777 0.5282 0.8636 0.5690 
5 0.0000 0.0016 0.0016 0.2100 0.0486 0.1865 0.1254 0.0423 0.1348 0.0016 
