0 0.6724 0.5690 0.6693 0.5799 0.6724 0.5909 0.6787 0.5940 0.6881 0.5940 0.6975 0.5878 0.7038 0.5815 0.7304 0.5799 0.7492 0.5956 0.7602 0.6034 0.7727 0.6082 0.7774 0.6034 0.7790 0.5972 0.7727 0.5878 0.7633 0.5784 0.7727 0.5690 0.7853 0.5674 0.8056 0.5674 0.8197 0.5674 0.8370 0.5674 0.8589 0.5690 0.8809 0.5705 0.9154 0.5815 0.9326 0.5831 0.9373 0.5815 0.9389 0.5752 0.9389 0.5705 0.9357 0.5627 0.9201 0.5533 0.8997 0.5455 0.8542 0.5392 0.8260 0.5345 0.8041 0.5376 0.7759 0.5392 0.7633 0.5408 0.7539 0.5455 0.7210 0.5392 0.6959 0.5423 0.6755 0.5596 
0 0.3276 0.7382 0.3574 0.7100 0.3809 0.7006 0.4013 0.6912 0.4310 0.6803 0.4404 0.6724 0.4624 0.6630 0.4875 0.6583 0.4922 0.6520 0.4953 0.6379 0.4937 0.6301 0.4875 0.6238 0.4765 0.6223 0.4514 0.6285 0.4169 0.6395 0.3856 0.6567 0.3495 0.6708 0.3056 0.6959 0.2774 0.7194 0.2696 0.7414 0.2774 0.7539 0.2962 0.7586 0.3135 0.7586 
0 0.7915 0.2994 0.7524 0.3370 0.7194 0.3762 0.7069 0.3762 0.6850 0.3777 0.6661 0.3809 0.6661 0.3966 0.6630 0.4028 0.6505 0.4091 0.6301 0.4013 0.6160 0.4138 0.5909 0.4216 0.5658 0.4185 0.5627 0.4091 0.5361 0.4216 0.5110 0.4295 0.4906 0.4404 0.4781 0.4436 0.4906 0.4561 0.4984 0.4687 0.4969 0.4765 0.4843 0.4875 0.4624 0.4969 0.4467 0.5125 0.4216 0.5219 0.4060 0.5251 0.3934 0.5219 0.3840 0.5157 0.3683 0.5188 0.3621 0.5157 0.3589 0.5031 0.3589 0.4937 0.3699 0.4922 0.3589 0.4781 0.3495 0.4687 0.3511 0.4608 0.3605 0.4530 0.4028 0.4342 0.4436 0.4201 0.4577 0.4216 0.4843 0.4075 0.4906 0.3934 0.5580 0.3715 0.5737 0.3730 0.6129 0.3527 0.6317 0.3448 0.6693 0.3339 0.7053 0.3119 0.7335 0.2853 0.7476 0.2743 
5 0.2461 0.0016 1.0000 0.0016 0.9984 0.3997 0.9216 0.3668 0.4561 0.1129 
1 0.9937 0.7100 0.8997 0.6850 0.8527 0.6599 0.8260 0.6583 0.8339 0.6740 0.8103 0.6881 0.8354 0.7539 0.8464 0.8307 0.8730 0.8386 0.8574 0.8448 0.8856 0.8793 0.8887 0.9420 0.9138 0.9984 0.8730 0.9984 0.8417 0.8621 0.8150 0.8229 0.8103 0.7696 0.7821 0.7226 0.7759 0.6818 0.7790 0.6599 0.8041 0.6630 0.8009 0.6426 0.8260 0.6395 0.8715 0.6442 0.9091 0.6599 0.9969 0.6944 
6 0.3966 0.1082 0.4091 0.1489 0.4498 0.2398 0.4796 0.3292 0.5031 0.3840 0.5157 0.4592 0.5188 0.4828 0.5392 0.5063 0.5486 0.5251 0.6034 0.5298 0.6254 0.5408 0.6442 0.5564 0.6630 0.5752 0.6740 0.5940 0.6740 0.6160 0.6865 0.6850 0.6661 0.7257 0.5345 0.7649 0.4812 0.7790 0.4702 0.7743 0.4592 0.6724 0.4530 0.6379 0.4498 0.6097 0.4843 0.5690 0.4843 0.5392 0.4843 0.5000 0.4875 0.4702 0.4248 0.3229 0.3809 0.1803 0.3401 0.0705 0.3323 0.0470 0.3918 0.0768 
3 0.9984 0.4310 0.9671 0.4185 0.9451 0.3966 0.9263 0.3730 0.9357 0.3715 0.9671 0.3856 1.0000 0.4013 
2 0.9953 0.5266 0.9216 0.4843 0.8323 0.4451 0.7257 0.4138 0.6708 0.3997 0.6661 0.4216 0.7696 0.4467 0.8542 0.4796 0.9138 0.5078 0.9734 0.5439 0.9984 0.5596 
2 0.3448 0.5125 0.3683 0.5313 0.3213 0.5862 0.2633 0.6505 0.2147 0.7194 0.1693 0.8119 0.1489 0.8652 0.1317 0.9420 0.1207 0.9953 0.0956 0.9953 0.1050 0.9248 0.1270 0.8480 0.1646 0.7571 0.2147 0.6693 0.2649 0.6034 0.3119 0.5439 
4 0.2492 0.9984 0.2649 0.9389 0.2947 0.8699 0.3495 0.8072 0.4044 0.7476 0.4592 0.7100 0.5204 0.6850 0.5517 0.6724 0.6034 0.6630 0.6552 0.6567 0.7194 0.6567 0.8041 0.6536 0.8166 0.6395 0.8840 0.6489 0.9545 0.6850 0.9984 0.6912 0.9984 0.5909 0.9295 0.5470 0.8276 0.5125 0.7257 0.4953 0.6191 0.5031 0.5235 0.5313 0.4404 0.5658 0.3668 0.6066 0.3119 0.6567 0.2555 0.7147 0.2132 0.7821 0.1708 0.8715 0.1489 0.9561 0.1395 0.9984 
5 0.9984 0.9969 0.9984 0.7147 0.8981 0.6881 0.8527 0.6630 0.8135 0.6928 0.8401 0.7618 0.8511 0.8260 0.8824 0.8354 0.8950 0.9326 0.9154 0.9436 0.9201 0.9592 0.9091 0.9734 0.9201 1.0000 
