0 0.3824 0.4639 0.3793 0.4937 0.3809 0.5157 0.3918 0.5408 0.3966 0.5564 0.3966 0.5674 0.3871 0.5721 0.3746 0.5721 0.3621 0.5627 0.3495 0.5470 0.3401 0.5329 0.3323 0.5078 0.3260 0.5063 0.3135 0.5110 0.3025 0.5219 0.2821 0.5266 0.2524 0.5361 0.2335 0.5345 0.2100 0.5313 0.1818 0.5345 0.1693 0.5705 0.1505 0.5799 0.1505 0.5376 0.1646 0.5125 0.1834 0.4937 0.2038 0.4812 0.2210 0.4796 0.2445 0.4781 0.2618 0.4702 0.2900 0.4671 0.3150 0.4561 0.3370 0.4467 0.3527 0.4373 0.3715 0.4279 0.3809 0.4201 0.3887 0.4028 0.3966 0.3950 0.4044 0.3934 0.4154 0.3934 0.4279 0.3903 0.4389 0.3777 0.4404 0.3683 0.4451 0.3589 0.4561 0.3511 0.4718 0.3527 0.4922 0.3574 0.5031 0.3605 0.5141 0.3668 0.5219 0.3542 0.5313 0.3495 0.5564 0.3495 0.5737 0.3589 0.5893 0.3589 0.6082 0.3558 0.6207 0.3527 0.6505 0.3542 0.6661 0.3527 0.6693 0.3589 0.6567 0.3652 0.6395 0.3715 0.6254 0.3777 0.6536 0.3715 0.6755 0.3683 0.6834 0.3652 0.7038 0.3683 0.7132 0.3793 0.7038 0.3824 0.6818 0.3777 0.6708 0.3840 0.6567 0.3840 0.6834 0.3934 0.6959 0.3966 0.6865 0.4013 0.6661 0.4044 0.6458 0.4044 0.6254 0.4107 0.5940 0.4122 0.5533 0.4091 0.5219 0.4091 0.4828 0.4138 0.4404 0.4263 0.4060 0.4436 
6 0.8260 0.1505 0.8229 0.1708 0.8339 0.1803 0.8417 0.1787 0.8448 0.1912 0.8511 0.2053 0.8605 0.2132 0.8730 0.2210 0.8840 0.2335 0.8918 0.2445 0.8966 0.2555 0.9044 0.2618 0.9169 0.2618 0.9263 0.2712 0.9373 0.2743 0.9483 0.2712 0.9483 0.2602 0.9389 0.2555 0.9295 0.2524 0.9138 0.2398 0.9044 0.2304 0.9013 0.2179 0.8887 0.2022 0.8715 0.1897 0.8699 0.1803 0.8621 0.1677 0.8480 0.1567 0.8401 0.1489 
6 0.9859 0.2351 0.9718 0.2398 0.9545 0.2382 0.9483 0.2429 0.9389 0.2382 0.9295 0.2273 0.9232 0.2053 0.9201 0.1834 0.9216 0.1646 0.9263 0.1458 0.9436 0.1473 0.9545 0.1677 0.9545 0.1897 0.9592 0.2053 0.9671 0.2179 0.9812 0.2241 
6 0.4687 0.5000 0.4310 0.5282 0.4404 0.5455 0.4624 0.5439 0.4859 0.5423 0.5094 0.5470 0.5282 0.5455 0.5439 0.5219 0.5408 0.5047 0.5345 0.4875 0.5125 0.4812 0.4875 0.4828 
2 0.0016 0.6270 0.0423 0.6285 0.1097 0.6348 0.1865 0.6364 0.2429 0.6348 0.2868 0.6254 0.3150 0.6144 0.3746 0.5831 0.3542 0.5658 0.3245 0.5909 0.2962 0.6066 0.2649 0.6176 0.2257 0.6223 0.1818 0.6223 0.1254 0.6191 0.0690 0.6176 0.0000 0.6129 
4 1.0000 0.3135 0.9765 0.3433 0.9138 0.3966 0.8762 0.4216 0.8103 0.4655 0.7163 0.5157 0.5940 0.5674 0.4718 0.6066 0.3793 0.6332 0.2445 0.6505 0.1693 0.6442 0.0000 0.6379 0.0031 0.5345 0.0486 0.5361 0.1317 0.5408 0.1944 0.5439 0.2571 0.5439 0.3119 0.5282 0.3903 0.5094 0.5031 0.4718 0.6317 0.4263 0.7273 0.3824 0.8103 0.3182 0.8762 0.2633 0.9483 0.2006 0.9718 0.1740 0.9969 0.1959 
1 0.8166 0.0031 0.9467 0.1050 0.9890 0.1818 0.9969 0.0940 0.8918 0.0000 
3 0.0016 0.9781 0.0000 0.8166 0.4514 0.6724 0.4890 0.6614 0.5408 0.6552 1.0000 0.5157 0.9984 0.6630 0.7774 0.7320 0.7665 0.7414 0.7571 0.7602 0.7571 0.7696 0.7712 0.7853 0.8339 0.8511 0.8370 0.8589 0.8292 0.8636 0.6583 0.9248 0.6505 0.9295 0.6458 0.9389 0.6442 0.9498 0.6426 0.9577 0.5157 1.0000 0.0940 0.9984 0.0752 0.9765 0.0611 0.9671 0.0486 0.9639 0.0392 0.9639 0.0266 0.9687 
1 0.9937 0.8981 0.8746 0.9498 0.9154 0.9984 0.9969 0.9984 
5 0.9969 0.7696 0.8292 0.8668 0.6661 0.9232 0.7241 0.9138 0.6411 0.9639 0.5282 0.9984 0.9091 0.9984 0.8683 0.9436 0.9969 0.8903 
5 0.0016 0.9984 0.0893 0.9984 0.0737 0.9765 0.0580 0.9687 0.0455 0.9655 0.0016 0.9812 
5 0.9922 0.0047 0.9969 0.0361 0.9969 0.0909 0.9013 0.0000 
