3 0.0564 0.3088 0.1583 0.2226 0.1818 0.2147 0.3527 0.1897 0.3746 0.1771 0.6944 0.1238 0.7038 0.1395 0.7194 0.1395 0.7712 0.1301 0.9044 0.1113 0.9169 0.1144 0.9342 0.1176 0.9545 0.1301 1.0000 0.1583 0.9984 0.2147 0.9984 0.2492 0.8809 0.2712 0.6881 0.2994 0.5878 0.3150 0.5392 0.3213 0.4969 0.3213 0.4514 0.3182 0.2320 0.3464 0.0000 0.3809 0.0016 0.3166 
1 0.0000 0.0580 0.0016 0.2304 0.0737 0.2727 0.1050 0.2665 0.1677 0.2132 0.2241 0.2069 0.3589 0.1865 0.3652 0.1803 
5 0.9969 0.0016 0.0000 0.0016 0.0016 0.0533 0.3683 0.1755 0.6991 0.1191 0.7038 0.1317 0.7163 0.1332 0.9232 0.1066 0.9984 0.1536 
5 0.0016 0.2367 0.0016 0.3135 0.0564 0.3056 0.0893 0.2743 0.0674 0.2774 
1 0.1740 0.9953 0.1928 0.9890 0.1897 0.9561 0.2618 0.9687 0.2962 0.9279 0.3150 0.8809 0.3542 0.9091 0.4060 0.9091 0.5047 0.9984 
0 0.2821 0.6379 0.3041 0.6317 0.3229 0.6223 0.3307 0.6003 0.3464 0.5940 0.3652 0.5893 0.3871 0.5831 0.3981 0.5721 0.4295 0.5596 0.4561 0.5439 0.4859 0.5376 0.5157 0.5282 0.5376 0.5094 0.5580 0.5094 0.5862 0.5094 0.6066 0.5078 0.6129 0.5000 0.6034 0.4922 0.5925 0.4875 0.5737 0.4859 0.5893 0.4781 0.6129 0.4639 0.6285 0.4561 0.6270 0.4420 0.6160 0.4279 0.5972 0.4342 0.5815 0.4451 0.5549 0.4592 0.5235 0.4655 0.5094 0.4906 0.4749 0.5000 0.4342 0.5204 0.4028 0.5361 0.3699 0.5549 0.3276 0.5752 0.3088 0.5878 0.2900 0.6066 0.2743 0.6411 
2 0.0455 0.9953 0.0549 0.9734 0.0643 0.9201 0.0737 0.8746 0.0925 0.8260 0.1176 0.8150 0.1301 0.7790 0.1567 0.7508 0.1771 0.7132 0.1395 0.7132 0.1144 0.7696 0.1113 0.7915 0.0768 0.8072 0.0643 0.8448 0.0361 0.9984 
2 0.2351 0.6599 0.2210 0.6223 0.1991 0.5956 0.1897 0.5564 0.2226 0.5439 0.2868 0.5188 0.3527 0.4937 0.4122 0.4781 0.4734 0.4655 0.5533 0.4467 0.5157 0.4687 0.5078 0.4812 0.4232 0.5000 0.3574 0.5235 0.3025 0.5455 0.2147 0.5752 0.2194 0.6019 0.2367 0.6191 0.2445 0.6599 
2 0.6301 0.4357 0.6301 0.4655 0.6693 0.4592 0.7194 0.4671 0.7571 0.4687 0.8182 0.4781 0.8762 0.4890 0.9342 0.5063 0.9969 0.5313 0.9953 0.5063 0.9420 0.4890 0.8762 0.4687 0.8245 0.4561 0.7445 0.4483 0.6834 0.4404 
6 0.0031 0.4624 0.0893 0.5188 0.1395 0.5596 0.1740 0.6066 0.1897 0.6254 0.2179 0.6317 0.2320 0.6520 0.2492 0.6755 0.2649 0.7069 0.2774 0.7335 0.3119 0.7257 0.3621 0.6881 0.3997 0.6724 0.4592 0.6897 0.5157 0.7226 0.6050 0.7727 0.6975 0.8370 0.7931 0.9107 0.8558 0.9530 0.8871 0.9984 0.5204 0.9984 0.4828 0.9687 0.4279 0.9169 0.3934 0.8950 0.3652 0.8950 0.3292 0.8762 0.2962 0.8401 0.2539 0.8041 0.2304 0.7665 0.2022 0.7257 0.1677 0.6912 0.1317 0.6411 0.0016 0.5423 
2 0.6959 0.5987 0.6536 0.6034 0.6019 0.6129 0.5408 0.6379 0.4734 0.6677 0.4749 0.6787 0.5188 0.6599 0.5627 0.6442 0.6129 0.6317 0.6489 0.6223 0.6881 0.6113 
4 0.9969 0.6191 0.9467 0.6003 0.8009 0.5658 0.7085 0.5564 0.5705 0.5690 0.4875 0.5925 0.4310 0.6160 0.3793 0.6505 0.3307 0.6865 0.2821 0.7320 0.2414 0.7759 0.2085 0.8323 0.1865 0.8871 0.1708 0.9436 0.1646 0.9984 0.0549 0.9969 0.0690 0.9326 0.0799 0.8762 0.0987 0.8245 0.1270 0.7539 0.1614 0.6912 0.1959 0.6411 0.2398 0.5893 0.2680 0.5611 0.3339 0.5188 0.3997 0.4922 0.4577 0.4765 0.5329 0.4592 0.6661 0.4592 0.7288 0.4655 0.8009 0.4781 0.8730 0.4937 0.9342 0.5141 0.9922 0.5408 
8 0.9953 0.8480 0.9561 0.8527 0.9107 0.8699 0.8715 0.9013 0.8370 0.9310 0.8135 0.9577 0.7915 0.9953 0.7571 0.9937 0.7790 0.9608 0.8088 0.9279 0.8417 0.8966 0.8981 0.8605 0.9514 0.8339 0.9969 0.8292 
