3 0.4404 0.0016 0.2273 0.2555 0.1912 0.3150 0.1442 0.3777 0.1019 0.4279 0.0016 0.5439 0.0016 0.4028 0.0110 0.3762 0.0768 0.3025 0.1661 0.1928 0.1787 0.1787 0.1834 0.1755 0.1865 0.1818 0.1834 0.1991 0.1755 0.2257 0.1771 0.2320 0.1818 0.2304 0.1912 0.2257 0.2006 0.2147 0.2492 0.1583 0.3245 0.0721 0.3840 0.0000 
1 0.6207 0.0658 0.5721 0.0752 0.5188 0.1050 0.5000 0.1473 0.4969 0.1818 0.5078 0.2179 0.5313 0.2429 0.5455 0.2665 0.5596 0.3041 0.5956 0.2790 0.6160 0.2524 0.6411 0.2429 0.6661 0.2257 0.7038 0.1834 0.7069 0.1442 0.7085 0.1082 0.6552 0.0737 
1 0.6755 0.2461 0.6646 0.2696 0.6708 0.3056 0.6834 0.3307 0.7132 0.3433 0.7382 0.3433 0.7665 0.3119 0.7790 0.2790 0.7727 0.2382 0.7884 0.2179 0.8527 0.1771 0.8511 0.1567 0.8307 0.1442 0.7947 0.1677 0.7759 0.1708 0.7539 0.1708 0.7335 0.1755 0.7069 0.1928 0.6897 0.2241 0.6881 0.2367 0.7100 0.2508 0.7085 0.2680 
1 0.7445 0.0047 0.7602 0.0298 0.7069 0.0831 0.6661 0.0455 0.6411 0.0580 0.6787 0.0878 0.6975 0.0846 0.7210 0.1050 0.7445 0.1050 0.7665 0.0815 0.7759 0.0517 0.8182 0.0549 0.8511 0.0517 0.8824 0.0486 0.9216 0.0549 0.9451 0.0533 1.0000 0.0047 
1 0.9937 0.0502 0.9310 0.0846 0.9875 0.1129 0.9295 0.1646 0.9232 0.1850 0.8636 0.1881 0.8354 0.1975 0.8056 0.2304 0.7884 0.2680 0.7759 0.3307 0.7586 0.3636 0.8213 0.3809 0.8464 0.3934 0.8636 0.3182 0.9263 0.3292 0.9389 0.2962 0.8730 0.2680 0.9013 0.2304 0.9843 0.2053 0.9969 0.1395 0.9984 0.0627 
1 0.6129 0.3245 0.5893 0.3417 0.5611 0.3401 0.5423 0.3464 0.5031 0.3464 0.4608 0.3542 0.4263 0.3683 0.4028 0.3809 0.3856 0.3966 0.3683 0.3918 0.3699 0.3746 0.3809 0.3527 0.4060 0.3370 0.4326 0.3276 0.4451 0.3276 0.4404 0.3041 0.4263 0.2962 0.4075 0.2931 0.3934 0.3088 0.3605 0.3401 0.3213 0.3621 0.2790 0.3997 0.2257 0.4357 0.1865 0.4561 0.1019 0.5439 0.0361 0.6348 0.0016 0.7069 0.0031 0.6301 0.0611 0.5470 0.1129 0.4843 0.1583 0.4436 0.1724 0.4185 0.1928 0.4154 0.2492 0.3777 0.3119 0.3307 0.3746 0.2837 0.4028 0.2680 0.4404 0.2100 0.4639 0.2163 0.4718 0.2492 0.4953 0.2743 0.5282 0.2618 0.5423 0.2837 0.5455 0.3119 0.5627 0.3166 0.5799 0.3213 
5 0.0000 0.0000 0.0016 0.3966 0.0110 0.3652 0.1818 0.1708 0.2555 0.1489 0.3777 0.0016 
1 0.8746 0.3793 0.8605 0.4310 0.8213 0.4436 0.7633 0.4295 0.7163 0.4342 0.6881 0.4781 0.6567 0.5909 0.6520 0.6207 0.6693 0.6379 0.6661 0.7194 0.6661 0.7382 0.6176 0.7304 0.5831 0.7915 0.5878 0.8605 0.5439 0.9984 0.6520 0.9953 0.6850 0.8197 0.7194 0.8103 0.7210 0.7853 0.7163 0.7524 0.7132 0.7038 0.7335 0.7022 0.7053 0.6113 0.7257 0.5956 0.7257 0.5752 0.7555 0.5376 0.7790 0.5110 0.8025 0.4749 0.8605 0.4828 0.9154 0.4687 0.9404 0.4969 0.9843 0.5031 0.9922 0.4734 0.9138 0.4028 
0 0.1646 0.5392 0.1991 0.5235 0.2179 0.5094 0.2555 0.4969 0.2853 0.4875 0.3150 0.4765 0.3574 0.4749 0.3668 0.4906 0.3856 0.4859 0.4013 0.4671 0.4201 0.4592 0.4404 0.4655 0.4436 0.4577 0.4373 0.4451 0.4279 0.4373 0.4216 0.4279 0.4216 0.4185 0.4373 0.4075 0.4577 0.3934 0.4624 0.3903 0.4624 0.3824 0.4467 0.3746 0.4028 0.3966 0.3856 0.4122 0.3777 0.4279 0.3339 0.4216 0.3119 0.4185 0.2790 0.4279 0.2476 0.4373 0.2288 0.4451 0.2194 0.4545 0.2069 0.4812 0.1897 0.4969 0.1881 0.4969 0.1724 0.5063 0.1567 0.5313 
2 0.4592 0.5408 0.4342 0.5376 0.3840 0.5502 0.3652 0.5502 0.3558 0.5423 0.3386 0.5502 0.3166 0.5627 0.2962 0.5768 0.2618 0.6034 0.2210 0.6458 0.2147 0.6599 0.1991 0.6677 0.0956 0.9984 0.0846 0.9969 0.1238 0.8683 0.1834 0.6787 0.1865 0.6489 0.2022 0.6442 0.2288 0.6144 0.2524 0.5878 0.2900 0.5627 0.3245 0.5345 0.3401 0.5266 0.3636 0.5266 0.3746 0.5266 0.3903 0.5219 0.4185 0.5172 0.4467 0.5157 0.4639 0.5188 0.4749 0.5313 
0 0.4843 0.3903 0.4953 0.3966 0.5031 0.3887 0.5141 0.3887 0.5157 0.3824 0.5266 0.3809 0.5345 0.3824 0.5408 0.3793 0.5423 0.3746 0.5658 0.3621 0.5862 0.3527 0.6003 0.3386 0.5502 0.3511 0.5157 0.3542 0.4828 0.3652 0.4718 0.3746 
6 0.6536 0.4154 0.6395 0.4781 0.6536 0.5157 0.6567 0.5752 0.6207 0.7038 0.5925 0.7649 0.5721 0.8103 0.5846 0.8605 0.5345 0.9953 0.2304 0.9969 0.3245 0.9138 0.4216 0.5752 0.4436 0.5470 0.4639 0.4937 0.4530 0.4781 0.4122 0.4843 0.3950 0.4718 0.4279 0.4122 0.4577 0.3934 0.4875 0.3824 0.5784 0.3683 0.6285 0.3793 
2 0.6458 0.3150 0.6458 0.3370 0.6818 0.3386 0.7116 0.3511 0.7492 0.3699 0.7900 0.3809 0.8260 0.3981 0.8636 0.4154 0.8668 0.3966 0.8197 0.3762 0.7853 0.3683 0.7539 0.3511 0.7288 0.3433 0.6912 0.3276 
5 0.9969 0.9969 0.6944 0.9953 0.7241 0.8918 0.6912 0.8401 0.7116 0.8166 0.7586 0.8166 0.7241 0.7555 0.7539 0.7618 0.7351 0.6113 0.7508 0.5815 0.7461 0.5564 0.7868 0.5094 0.8041 0.4781 0.8636 0.4875 0.9138 0.4796 0.9326 0.5000 0.9969 0.5266 
