3 0.0580 0.0000 0.0549 0.1646 0.0549 0.2555 0.0486 0.2712 0.0329 0.2931 0.0110 0.2962 0.0016 0.2962 0.0016 0.9984 0.0768 0.9984 0.1332 0.7320 0.1567 0.6082 0.1708 0.5141 0.1865 0.3824 0.1991 0.2821 0.2022 0.2069 0.2022 0.1630 0.2194 0.0016 
6 0.9028 0.4781 0.9357 0.5219 0.9342 0.5831 0.9075 0.6630 0.8856 0.7320 0.8981 0.7884 0.9326 0.8072 0.9608 0.7508 0.9953 0.6897 0.9984 0.4702 0.9013 0.4404 
0 0.3652 0.3386 0.3558 0.3433 0.3495 0.3527 0.3448 0.3605 0.3339 0.3605 0.3260 0.3824 0.3119 0.4185 0.3103 0.4342 0.3056 0.4498 0.2978 0.4687 0.2884 0.4859 0.2837 0.5251 0.2806 0.5502 0.2743 0.5940 0.2649 0.6223 0.2618 0.6364 0.2618 0.6552 0.2524 0.6552 0.2524 0.6129 0.2586 0.5533 0.2571 0.5094 0.2618 0.4781 0.2649 0.4530 0.3119 0.3715 0.3323 0.3433 0.3448 0.3323 0.3621 0.3323 
1 0.1677 0.9953 0.1567 0.6599 0.1646 0.6160 0.1552 0.6285 0.0799 0.9969 
1 0.2085 0.9953 0.2116 0.6505 0.2194 0.5345 0.1740 0.6771 0.1865 0.9969 
1 0.2273 0.5047 0.2273 0.4608 0.2445 0.3840 0.2618 0.3433 0.3072 0.2931 0.3307 0.3009 0.3370 0.3213 0.3103 0.3245 0.2868 0.3495 0.2461 0.4483 0.2414 0.5016 
1 0.3558 0.3009 0.4404 0.3307 0.5439 0.3464 0.6583 0.3652 0.8041 0.3966 0.9514 0.4248 0.9467 0.4420 0.7069 0.3918 0.5784 0.3715 0.4577 0.3480 0.3856 0.3307 0.3574 0.3260 
5 0.0016 0.0000 0.0016 0.1693 0.0549 0.0721 0.0564 0.0031 
5 0.9984 0.0016 0.9984 0.4436 0.9514 0.4342 0.9545 0.4185 0.5094 0.3339 0.4404 0.3276 0.3307 0.2900 0.3041 0.2900 0.2461 0.3495 0.2194 0.4734 0.2194 0.5188 0.1818 0.5157 0.1944 0.4953 0.1865 0.4655 0.1944 0.4514 0.2038 0.4013 0.1897 0.3887 0.2038 0.2727 0.2069 0.1740 0.2241 0.0016 
4 0.3918 0.3668 0.3683 0.4060 0.3527 0.4577 0.3464 0.4984 0.3401 0.5502 0.3339 0.6630 0.3307 0.8542 0.3307 0.9984 0.2304 0.9937 0.2273 0.8323 0.2351 0.5972 0.2429 0.4373 0.2727 0.3621 0.3088 0.3150 0.3213 0.3150 0.3934 0.3558 
