0 0.4216 0.3856 0.4091 0.3715 0.3887 0.3605 0.3636 0.3574 0.3354 0.3401 0.3245 0.3150 0.3103 0.2884 0.2978 0.2571 0.2884 0.2382 0.2774 0.2367 0.2790 0.2633 0.2931 0.3135 0.3103 0.3652 0.3307 0.3840 0.3558 0.3950 0.3856 0.4075 0.4122 0.4138 0.4295 0.3966 
6 0.5517 0.3072 0.5251 0.3213 0.5110 0.3354 0.4922 0.3542 0.4514 0.3871 0.4357 0.4013 0.4185 0.4232 0.4044 0.4483 0.4232 0.4577 0.4498 0.4639 0.4671 0.4765 0.4812 0.5000 0.4984 0.5266 0.5125 0.5517 0.5329 0.5643 0.6176 0.6991 0.7053 0.5392 0.6442 0.4953 0.6113 0.4953 0.5846 0.4138 0.5611 0.3668 0.5486 0.3260 
1 0.6160 0.3009 0.6050 0.3762 0.6238 0.4498 0.6426 0.4875 0.7806 0.4169 0.8683 0.2586 0.7179 0.2743 
8 0.7884 0.0047 0.8041 0.0329 0.8197 0.0690 0.8354 0.1113 0.8495 0.0925 0.8401 0.0658 0.8245 0.0251 0.8103 0.0000 
3 0.0016 0.0549 0.1254 0.2539 0.2712 0.5047 0.4169 0.7508 0.5031 0.9028 0.4702 0.9796 0.3166 0.7069 0.1223 0.3762 0.0016 0.1803 
9 0.8856 0.0016 0.8683 0.0329 0.8292 0.1129 0.7915 0.1646 0.7539 0.1928 0.7132 0.2179 0.6536 0.2649 0.6207 0.2868 0.6238 0.3088 0.6928 0.2633 0.7492 0.2257 0.7931 0.1912 0.8307 0.1520 0.8652 0.0940 0.9107 0.0000 
2 0.2868 0.0078 0.3197 0.1034 0.3824 0.2743 0.4044 0.2586 0.3041 0.0000 
1 0.1207 0.0376 0.1034 0.0611 0.1003 0.0878 0.1034 0.1129 0.0925 0.1160 0.0956 0.1536 0.1034 0.1661 0.1254 0.1458 0.1379 0.1113 0.1411 0.0893 0.1270 0.0878 0.1207 0.0705 0.1348 0.0596 
5 0.0016 0.9984 0.0016 0.1818 0.4702 0.9843 0.5094 0.8981 0.7367 0.4984 0.8652 0.2602 0.6897 0.2696 0.8088 0.1818 0.8464 0.1395 0.9154 0.0016 0.9969 0.0000 0.9984 0.9969 
4 0.1442 0.0016 0.1803 0.0564 0.2445 0.1740 0.2853 0.2586 0.3715 0.4216 0.4734 0.3370 0.5737 0.2821 0.4984 0.0987 0.4467 0.0016 
