0 0.5486 0.5956 0.5815 0.6003 0.6097 0.6191 0.6442 0.6442 0.6818 0.6881 0.7022 0.7006 0.7273 0.7273 0.7492 0.7476 0.7774 0.7868 0.7853 0.8041 0.7680 0.8009 0.7680 0.8166 0.7853 0.8307 0.8041 0.8260 0.8166 0.8213 0.8213 0.8056 0.8135 0.7868 0.7962 0.7680 0.7774 0.7461 0.7571 0.7241 0.7398 0.7069 0.7147 0.6850 0.6944 0.6708 0.6818 0.6536 0.6599 0.6332 0.6442 0.6238 0.6207 0.6034 0.6066 0.5956 0.5752 0.5893 0.5564 0.5862 
2 0.3276 0.3824 0.3480 0.4107 0.3715 0.4483 0.3871 0.4765 0.4060 0.5188 0.4201 0.5502 0.4263 0.5690 0.4201 0.6066 0.4185 0.6348 0.4357 0.6332 0.4420 0.6019 0.4467 0.5815 0.4514 0.5611 0.4498 0.5423 0.4342 0.4906 0.4185 0.4592 0.4028 0.4185 0.3824 0.4185 0.4216 0.5204 0.3636 0.3918 
2 0.5204 0.4483 0.5298 0.4859 0.5361 0.5282 0.5392 0.5768 0.5517 0.5784 0.5517 0.5047 0.5345 0.4530 
3 0.0016 0.1505 0.0235 0.1285 0.1332 0.0925 0.1489 0.0940 0.2038 0.1364 0.2085 0.1458 0.4937 0.3009 0.5439 0.3056 0.5940 0.3417 0.6144 0.3480 0.7320 0.3119 0.7649 0.3119 0.7821 0.3245 0.9091 0.3621 0.9984 0.4404 0.9984 0.5878 0.8683 0.5549 0.7853 0.5266 0.7335 0.5078 0.6865 0.5047 0.6520 0.4937 0.5956 0.4734 0.5235 0.4467 0.4357 0.4091 0.3777 0.3903 0.2868 0.3433 0.2038 0.3009 0.1317 0.2555 0.0611 0.2006 
1 0.5580 0.5580 0.5580 0.5580 0.5690 0.5204 0.5674 0.4922 0.6066 0.4984 0.6364 0.5110 0.6458 0.5423 0.6693 0.5361 0.6897 0.5329 0.6975 0.5266 0.7116 0.5423 0.6928 0.5423 0.7053 0.5721 0.7085 0.5799 0.7194 0.5956 0.7304 0.6034 0.7288 0.6144 0.6975 0.6207 0.7194 0.6442 0.7398 0.6505 0.7618 0.6144 0.8056 0.6944 0.8276 0.6944 0.8621 0.7241 0.8730 0.7053 0.8840 0.7053 0.8887 0.7273 0.9044 0.7555 0.9404 0.7555 0.9310 0.7335 0.9373 0.7273 0.9232 0.6897 0.8464 0.6567 0.8683 0.6238 0.8574 0.6160 0.8699 0.6050 0.8558 0.5564 0.7069 0.5110 0.6332 0.4937 0.5423 0.4592 
1 0.9655 0.5862 0.9577 0.5940 0.9765 0.6301 0.9561 0.6364 0.9577 0.6771 0.9404 0.6991 0.9498 0.7367 0.9969 0.7727 0.9969 0.5925 
1 0.1787 0.2947 0.2006 0.3229 0.2053 0.3574 0.2382 0.3542 0.2508 0.3636 0.2429 0.3903 0.2132 0.3997 0.1928 0.4028 0.1818 0.3715 0.1708 0.3589 0.1505 0.3730 0.1458 0.3887 0.1599 0.4138 0.1693 0.4310 0.2053 0.4326 0.2038 0.4687 0.2163 0.4734 0.2132 0.4357 0.2508 0.4263 0.2884 0.4530 0.2821 0.4310 0.3009 0.4545 0.2555 0.4718 0.1959 0.4953 0.1661 0.5549 0.1254 0.6144 0.1270 0.6364 0.1583 0.6050 0.2132 0.5423 0.2320 0.5157 0.2445 0.5235 0.2837 0.4953 0.3025 0.4875 0.3072 0.5486 0.3417 0.5611 0.3605 0.5235 0.3558 0.4687 0.3527 0.4498 0.3715 0.4326 0.3354 0.3715 
1 0.0157 0.7571 0.0204 0.7288 0.0408 0.7194 0.0455 0.6944 0.0564 0.6364 0.0768 0.6129 0.1034 0.6364 0.0972 0.6661 0.1129 0.6787 0.1191 0.7273 0.0502 0.7492 
1 0.4922 0.9953 0.6740 0.9263 0.9498 0.8636 0.9577 0.9138 0.9718 0.9107 0.9969 0.8260 0.9984 0.9922 0.8730 0.8981 0.7806 0.9232 0.7727 0.9687 
6 0.0016 0.9436 0.0925 0.9216 0.2038 0.8871 0.3542 0.8495 0.4749 0.8166 0.6003 0.7915 0.6661 0.7868 0.7241 0.8119 0.7571 0.8166 0.8119 0.7571 0.8229 0.7351 0.9028 0.8041 0.9044 0.8511 0.8840 0.8824 0.8370 0.8871 0.7132 0.9013 0.5737 0.9185 0.4310 0.9781 0.3903 0.9984 0.0016 0.9984 
5 0.0000 0.0016 0.9984 0.0031 1.0000 0.4357 0.9138 0.3589 0.7806 0.3213 0.7680 0.3088 0.7367 0.3072 0.6113 0.3448 0.5940 0.3386 0.5423 0.3025 0.4937 0.2962 0.2116 0.1442 0.2053 0.1332 0.1426 0.0846 0.0125 0.1301 0.0016 0.1489 
4 0.4577 0.5298 0.4577 0.5611 0.4530 0.6066 0.4248 0.6411 0.4639 0.6614 0.5188 0.6944 0.5564 0.7241 0.6160 0.7743 0.6567 0.8182 0.7320 0.9154 0.8715 0.8793 0.9028 0.8260 0.8981 0.7947 0.8056 0.7210 0.7414 0.6661 0.6991 0.6254 0.6505 0.5846 0.6003 0.5596 0.5313 0.5376 0.4828 0.5329 
5 0.7806 0.9906 0.7868 0.9357 0.8730 0.9122 0.9734 0.9953 
