3 0.0016 0.0658 0.5549 0.2555 0.6113 0.3009 0.6520 0.3166 0.9984 0.4404 0.9984 0.2962 0.6364 0.1740 0.5956 0.1677 0.3871 0.0972 0.3056 0.1223 0.1881 0.0831 0.1693 0.0517 0.0078 0.0031 
6 0.0047 0.1505 0.0455 0.1724 0.0925 0.2680 0.1348 0.3213 0.1364 0.3762 0.1583 0.4122 0.1787 0.4592 0.1567 0.4843 0.1050 0.5016 0.1050 0.5251 0.0956 0.5533 0.0580 0.5376 0.0423 0.5282 0.0266 0.4545 0.0047 0.4013 
0 0.1850 0.4859 0.1661 0.4828 0.1426 0.4890 0.1129 0.5047 0.1097 0.5141 0.1223 0.5157 0.1348 0.5172 0.1348 0.5298 0.1254 0.5361 0.1332 0.5439 0.1505 0.5408 0.1567 0.5392 0.1646 0.5439 0.1787 0.5439 0.1959 0.5423 0.2069 0.5423 0.2147 0.5455 0.2194 0.5298 0.2241 0.5125 0.2320 0.5078 0.2461 0.4984 0.2649 0.4922 0.3009 0.4781 0.3464 0.4702 0.4013 0.4624 0.4577 0.4655 0.4969 0.4639 0.5439 0.4671 0.5768 0.4734 0.5972 0.4749 0.6034 0.4765 0.6207 0.4843 0.6317 0.4859 0.6426 0.4922 0.6677 0.5047 0.7116 0.5298 0.7602 0.5643 0.8056 0.5987 0.8542 0.6426 0.9013 0.6834 0.9216 0.7022 0.9216 0.6865 0.8997 0.6583 0.8527 0.6034 0.7915 0.5517 0.7116 0.4875 0.6332 0.4545 0.5643 0.4326 0.4953 0.4169 0.4169 0.4107 0.3636 0.4169 0.3245 0.4216 0.2900 0.4326 0.2288 0.4655 0.2053 0.4812 
0 0.8840 0.6191 0.8950 0.6395 0.9060 0.6442 0.9185 0.6646 0.9498 0.6803 0.9608 0.6850 0.9984 0.7179 0.9984 0.6755 0.9608 0.6552 0.9498 0.6583 0.9404 0.6473 0.9232 0.6364 0.9122 0.6348 0.9028 0.6207 0.8903 0.6160 
3 0.0000 0.8339 0.1238 0.8981 0.5486 0.9687 0.5909 0.9843 0.5972 0.9969 0.8934 1.0000 0.4906 0.9154 0.4843 0.9028 0.3103 0.8652 0.0000 0.8088 
1 0.0031 0.9984 0.0016 0.8386 0.1270 0.9013 0.5439 0.9718 0.5862 0.9859 0.5925 0.9969 
1 0.1458 0.0047 0.1567 0.0439 0.0078 0.0047 
1 0.3088 0.0737 0.3009 0.1176 0.2414 0.0972 
1 0.7806 0.0063 0.7696 0.0517 0.7978 0.1050 0.7806 0.1552 0.7947 0.1755 0.8150 0.1724 0.8229 0.1912 0.8103 0.2288 0.9028 0.2602 0.8683 0.1661 0.8464 0.0956 0.8495 0.0705 0.8386 0.0423 0.8276 0.0047 
5 0.1661 0.0063 0.7680 0.0063 0.7649 0.0517 0.7931 0.1034 0.7868 0.1708 0.8119 0.1771 0.8182 0.2132 0.8103 0.2257 0.6348 0.1646 0.6113 0.1661 0.3793 0.0925 0.3041 0.1191 0.3135 0.0690 0.2978 0.0643 0.2382 0.0956 0.1912 0.0768 0.1708 0.0439 0.1614 0.0408 0.1567 0.0094 
5 0.8354 0.0047 0.9953 0.0047 0.9984 0.2147 0.9702 0.2821 0.9060 0.2602 
1 0.1787 0.2602 0.1520 0.3041 0.1975 0.3605 0.2320 0.3229 0.2085 0.2571 
1 0.2320 0.2602 0.2633 0.2586 0.2837 0.2649 0.3009 0.2915 0.2947 0.3135 0.3025 0.3339 0.2821 0.3542 0.2508 0.3683 0.2273 0.3668 0.2429 0.3386 0.2461 0.2994 0.2398 0.2806 0.2257 0.2680 
1 0.0345 0.8072 0.0502 0.7618 0.0721 0.7727 0.0940 0.7696 0.1191 0.7524 0.1489 0.7476 0.1567 0.7602 0.1505 0.7900 0.1317 0.8292 
4 0.0940 0.7022 0.0643 0.7461 0.0361 0.8072 0.0016 0.8025 0.0157 0.7539 0.0376 0.6755 0.0737 0.6176 0.1238 0.5517 0.1755 0.5016 0.2273 0.4655 0.2947 0.4263 0.3636 0.4107 0.4216 0.4044 0.5063 0.4122 0.6113 0.4389 0.6740 0.4624 0.7806 0.5251 0.8386 0.5658 0.9060 0.6285 0.9765 0.7053 1.0000 0.7257 0.9984 0.8433 0.9436 0.7837 0.8824 0.7210 0.8182 0.6677 0.7304 0.6144 0.6599 0.5705 0.5737 0.5329 0.5141 0.5235 0.4498 0.5251 0.3762 0.5266 0.3354 0.5313 0.2947 0.5423 0.2100 0.5815 0.1536 0.6191 0.1191 0.6614 0.0972 0.6928 
6 0.2884 0.4969 0.2931 0.5078 0.3182 0.5078 0.3260 0.5204 0.3182 0.5345 0.3009 0.5470 0.3088 0.5580 0.2994 0.5862 0.2884 0.6050 0.2947 0.6348 0.3025 0.6803 0.3072 0.7900 0.3245 0.8558 0.3229 0.8652 0.1473 0.8292 0.1693 0.7524 0.1787 0.6661 0.1740 0.6411 0.1865 0.6034 0.1818 0.5752 0.1724 0.5580 0.1567 0.5455 0.2116 0.5502 0.2320 0.5329 0.2320 0.5204 0.2727 0.4984 
