1 0.1897 0.8605 0.2241 0.8292 0.3354 0.8213 0.4091 0.8025 0.4812 0.7962 0.5439 0.8182 0.5752 0.8370 0.5831 0.8730 0.6019 0.9091 0.6317 0.8966 0.6191 0.9154 0.6254 0.9483 0.6364 0.9890 0.6285 0.9984 
1 0.4624 0.2821 0.4592 0.2931 0.5000 0.3197 0.5078 0.3072 
1 0.6912 0.5784 0.7069 0.5846 0.7273 0.6270 0.7100 0.6348 0.6850 0.5893 
7 0.4592 0.6191 0.4545 0.6317 0.4655 0.6505 0.4655 0.6677 0.4561 0.6803 0.4545 0.7132 0.4749 0.7476 0.5000 0.7696 0.5188 0.7524 0.5094 0.7194 0.4969 0.6803 0.4906 0.6458 0.4734 0.6191 
0 0.3809 0.6223 0.3715 0.6050 0.3918 0.5831 0.3981 0.5643 0.3966 0.5376 0.3934 0.5141 0.4013 0.5000 0.4091 0.4937 0.4075 0.4592 0.4013 0.4060 0.3934 0.3824 0.3762 0.3699 0.3621 0.3495 0.3574 0.3245 0.3480 0.3041 0.3276 0.2947 0.3182 0.2853 0.3150 0.2743 0.3245 0.2696 0.3417 0.2743 0.3636 0.2790 0.3730 0.2947 0.3950 0.3197 0.4075 0.3480 0.4185 0.3715 0.4279 0.3950 0.4310 0.4138 0.4373 0.4263 0.4373 0.4436 0.4389 0.4561 0.4373 0.4718 0.4373 0.4890 0.4326 0.5031 0.4216 0.5219 0.4216 0.5361 0.4232 0.5580 0.4216 0.5784 0.4169 0.5893 0.4075 0.6066 0.3966 0.6207 
0 0.5031 0.3433 0.5094 0.3668 0.5219 0.3966 0.5329 0.4232 0.5423 0.4436 0.5502 0.4561 0.5611 0.4796 0.5721 0.5063 0.5799 0.5266 0.5862 0.5502 0.5878 0.5737 0.5909 0.5987 0.5909 0.6270 0.5878 0.6520 0.5815 0.6803 0.5784 0.6944 0.5878 0.6881 0.6003 0.6771 0.6097 0.6583 0.6207 0.6411 0.6191 0.6144 0.6270 0.6019 0.6191 0.5846 0.6129 0.5643 0.6176 0.5486 0.6113 0.5266 0.6097 0.5110 0.5972 0.4812 0.5846 0.4467 0.5705 0.4216 0.5517 0.3903 0.5345 0.3668 0.5141 0.3464 
2 0.7618 0.8621 0.7680 0.8856 0.7680 0.9122 0.7649 0.9404 0.7665 0.9765 0.7633 0.9984 0.7743 0.9984 0.7790 0.9812 0.7790 0.9592 0.7790 0.9310 0.7806 0.8966 0.7774 0.8652 0.7727 0.8542 
2 0.7210 0.6552 0.6755 0.5643 0.6411 0.4953 0.6113 0.4436 0.5987 0.4248 0.5752 0.4013 0.5408 0.3605 0.5313 0.3495 0.5298 0.3386 0.5361 0.3370 0.5486 0.3495 0.5690 0.3746 0.5831 0.3934 0.5925 0.4028 0.6019 0.4138 0.6238 0.4404 0.6458 0.4812 0.6677 0.5282 0.6897 0.5674 0.7335 0.6426 0.7335 0.6614 
2 0.0016 0.1160 0.0157 0.1176 0.0329 0.1207 0.0580 0.1254 0.0893 0.1348 0.1113 0.1411 0.1520 0.1505 0.1787 0.1599 0.2147 0.1724 0.2555 0.1850 0.2962 0.2006 0.3197 0.2116 0.3464 0.2257 0.3668 0.2367 0.3981 0.2539 0.4263 0.2727 0.4577 0.2884 0.4624 0.2743 0.4107 0.2461 0.3699 0.2210 0.3245 0.1991 0.2680 0.1755 0.2147 0.1567 0.1599 0.1395 0.1066 0.1254 0.0533 0.1113 0.0016 0.1034 
3 0.1411 0.0000 0.2179 0.0674 0.3292 0.1599 0.4483 0.2586 0.5313 0.3260 0.6191 0.3903 0.6646 0.4279 0.7116 0.4310 0.8433 0.5345 0.9483 0.6082 0.9984 0.6411 1.0000 0.5266 0.9498 0.4937 0.9342 0.4702 0.8527 0.3197 0.8448 0.3103 0.6865 0.2038 0.6771 0.1865 0.6505 0.1708 0.6285 0.1677 0.5455 0.1755 0.5313 0.1708 0.5110 0.1630 0.4828 0.1332 0.4342 0.0831 0.3950 0.0674 0.3166 0.0016 
5 0.0031 0.8150 0.0031 0.9922 0.5893 0.9937 
5 0.3245 0.0000 0.3997 0.0658 0.4451 0.0815 0.5157 0.1536 0.5345 0.1693 0.6536 0.1599 0.6865 0.1834 0.7053 0.2085 0.8605 0.3150 0.9561 0.4890 0.9906 0.5078 0.9937 0.0078 
6 0.5831 0.7038 0.5580 0.7053 0.5423 0.7273 0.5282 0.7618 0.5423 0.7806 0.5737 0.7915 0.6066 0.7743 0.6364 0.7382 0.6708 0.7226 0.7022 0.7210 0.7273 0.7116 0.7163 0.6928 0.6881 0.6897 0.6489 0.6850 0.6144 0.6912 0.5846 0.7022 
6 0.0078 0.7696 0.2445 0.7665 0.4451 0.7665 0.4624 0.7853 0.3307 0.7994 0.1787 0.8229 0.1223 0.8354 0.0094 0.7994 
1 0.7853 0.7665 0.7665 0.7696 0.7680 0.7915 0.7915 0.8166 0.8056 0.8056 0.8009 0.7837 
4 0.0016 0.3182 0.0408 0.3260 0.0752 0.3339 0.1144 0.3433 0.1536 0.3527 0.1959 0.3699 0.2398 0.3856 0.2774 0.4028 0.3260 0.4310 0.3699 0.4577 0.4013 0.4749 0.4483 0.5141 0.4812 0.5517 0.5094 0.5956 0.5361 0.6442 0.5596 0.6975 0.5909 0.8260 0.6301 0.9969 0.7633 0.9969 0.7586 0.8762 0.7555 0.8339 0.7539 0.7712 0.7429 0.7116 0.7022 0.6176 0.6473 0.5251 0.6160 0.4890 0.5956 0.4702 0.5063 0.4013 0.4655 0.3730 0.4154 0.3480 0.3433 0.3103 0.2837 0.2900 0.1959 0.2618 0.1442 0.2476 0.0392 0.2163 0.0016 0.2085 
