0 0.8025 0.1865 0.8072 0.2116 0.8056 0.2382 0.7994 0.2806 0.7868 0.3354 0.7743 0.3730 0.7633 0.3981 0.7524 0.4201 0.7335 0.4467 0.7351 0.4608 0.7539 0.4561 0.7712 0.4373 0.7868 0.4028 0.8088 0.3527 0.8213 0.3088 0.8307 0.2633 0.8339 0.2335 0.8370 0.2147 0.8323 0.1912 0.8245 0.1724 
1 0.0956 0.0016 0.2241 0.0486 0.2962 0.0815 0.3621 0.1050 0.5313 0.1740 0.5690 0.1019 0.4091 0.0361 0.3683 0.0204 0.3197 0.0000 
1 0.4342 0.0016 0.4687 0.0172 0.5392 0.0502 0.6003 0.0784 0.6097 0.0517 0.6003 0.0110 0.5345 0.0016 0.5533 0.0298 0.4828 0.0031 
1 0.7085 0.0455 0.6630 0.0219 0.6050 0.0266 0.6881 0.1082 0.7069 0.1097 
2 0.0611 0.0063 0.6630 0.2414 0.6661 0.2273 0.0784 0.0016 
2 0.3464 0.9984 0.4342 0.9201 0.5078 0.8448 0.5893 0.7602 0.5658 0.6646 0.5690 0.6552 0.6223 0.7194 0.7665 0.5094 0.7476 0.4639 0.7633 0.4530 0.7884 0.4451 0.8417 0.3213 0.8809 0.2116 0.9107 0.1332 0.9279 0.0564 0.8652 0.0987 0.8574 0.0549 0.9107 0.0016 0.9420 0.0016 0.8746 0.0627 0.8793 0.0752 0.9451 0.0329 0.9263 0.1254 0.8981 0.2085 0.8762 0.2743 0.8511 0.3354 0.8245 0.3997 0.8009 0.4592 0.7665 0.4687 0.7853 0.5094 0.6912 0.6379 0.6254 0.7414 0.6034 0.7163 0.6097 0.7633 0.3746 0.9984 
3 0.9984 0.2038 0.8887 0.4075 0.8511 0.4561 0.7085 0.7210 0.5674 0.9937 0.8809 0.9984 0.9028 0.9357 0.9295 0.9263 0.9326 0.9592 0.9561 0.9498 0.9984 0.8605 
1 0.0016 0.9185 0.2884 0.6458 0.0000 0.4514 
4 0.6912 0.0047 0.7492 0.0016 0.8307 0.0031 0.8433 0.0266 0.8589 0.0596 0.8777 0.1332 0.8777 0.1975 0.8574 0.3480 0.8041 0.4796 0.7132 0.6223 0.6207 0.7602 0.5266 0.8558 0.3950 0.9781 0.3777 0.9953 0.1473 0.9969 0.2257 0.9357 0.3401 0.8386 0.4310 0.7539 0.5000 0.6787 0.5831 0.5909 0.6552 0.4984 0.7179 0.3824 0.7492 0.2759 0.7586 0.1959 0.7555 0.1223 0.7320 0.0674 0.7226 0.0392 
5 0.8856 0.9984 0.9984 0.9984 0.9984 0.8668 0.9561 0.9545 0.9295 0.9639 0.9279 0.9310 0.9060 0.9389 
6 0.0094 0.9749 0.1364 0.8558 0.1317 0.8448 0.2524 0.7382 0.3527 0.6223 0.4107 0.5470 0.4310 0.5408 0.4467 0.5016 0.4639 0.5031 0.4812 0.4906 0.5016 0.4467 0.5564 0.4436 0.5768 0.4545 0.5893 0.4937 0.5878 0.5251 0.5549 0.5721 0.5251 0.6379 0.4843 0.6630 0.4342 0.7210 0.3824 0.7571 0.3527 0.8009 0.2868 0.8636 0.1567 0.9796 0.1301 0.9969 0.0157 0.9969 
