3 0.0016 0.1034 0.2618 0.1301 0.4687 0.1489 0.6003 0.1583 0.6332 0.1708 0.6646 0.1803 0.7132 0.1881 0.7790 0.1959 0.9028 0.2053 0.9984 0.2147 0.9984 0.0219 0.7335 0.0000 0.3903 0.0000 0.2790 0.0549 0.0000 0.0313 
0 0.3966 0.4044 0.3934 0.4169 0.3997 0.4295 0.4154 0.4263 0.4326 0.4216 0.4404 0.4060 0.4624 0.3997 0.4718 0.4013 0.4906 0.3997 0.5141 0.3966 0.5282 0.3903 0.5470 0.3856 0.5784 0.3793 0.6034 0.3777 0.6254 0.3793 0.6536 0.3777 0.6693 0.3793 0.6881 0.3762 0.7085 0.3777 0.7367 0.3809 0.7633 0.3887 0.7743 0.3840 0.7680 0.3730 0.7273 0.3636 0.7038 0.3589 0.6850 0.3589 0.6708 0.3542 0.6881 0.3511 0.7069 0.3495 0.7304 0.3464 0.7508 0.3417 0.7806 0.3433 0.8072 0.3464 0.8260 0.3292 0.8025 0.3276 0.7884 0.3213 0.7806 0.3150 0.7680 0.3150 0.7524 0.3166 0.7351 0.3197 0.7163 0.3182 0.7006 0.3182 0.6865 0.3182 0.6755 0.3229 0.6536 0.3339 0.6442 0.3370 0.6238 0.3401 0.6034 0.3401 0.5831 0.3370 0.5627 0.3464 0.5329 0.3542 0.4953 0.3636 0.4702 0.3715 0.4436 0.3777 0.4185 0.3840 
2 0.1191 0.8730 0.1223 0.8621 0.1097 0.8433 0.1097 0.7931 0.1160 0.7304 0.1348 0.6881 0.1536 0.6364 0.1724 0.6097 0.1975 0.5643 0.2226 0.5329 0.2273 0.4984 0.2116 0.4984 0.2069 0.5266 0.2006 0.5376 0.1803 0.5345 0.1693 0.5564 0.1505 0.5878 0.1348 0.6223 0.1395 0.6332 0.1176 0.6803 0.1082 0.7132 0.1050 0.7367 0.0987 0.8292 0.1003 0.8527 0.1066 0.8621 0.1129 0.8746 
6 0.6897 1.0000 0.6317 0.8307 0.5909 0.7351 0.5533 0.6505 0.5219 0.5392 0.5141 0.5110 0.4969 0.4514 0.4702 0.4389 0.4216 0.4624 0.3871 0.4969 0.3715 0.5031 0.3386 0.4357 0.3135 0.4107 0.3323 0.3997 0.3041 0.3840 0.2774 0.3777 0.1818 0.2884 0.0517 0.1285 0.0392 0.1129 0.0016 0.1082 0.0031 0.1771 0.0549 0.2727 0.1129 0.3417 0.1708 0.4028 0.2257 0.4263 0.2759 0.4545 0.2915 0.4843 0.3103 0.5016 0.3119 0.5282 0.3213 0.5658 0.3135 0.5846 0.3041 0.6097 0.3276 0.6317 0.3542 0.6677 0.3840 0.7132 0.4060 0.7539 0.4248 0.7931 0.4545 0.8354 0.4749 0.8527 0.4875 0.8824 0.5313 0.9984 
1 0.2947 0.6238 0.3072 0.6364 0.3276 0.6583 0.3401 0.6787 0.3605 0.7053 0.3652 0.7335 0.3856 0.7492 0.3934 0.7806 0.4122 0.7978 0.4248 0.8276 0.4498 0.8433 0.4624 0.8589 0.4718 0.8824 0.4812 0.9154 0.4969 0.9592 0.5141 0.9984 0.5345 1.0000 0.5204 0.9154 0.4984 0.8746 0.4702 0.8213 0.4687 0.8119 0.4875 0.8041 0.4608 0.7524 0.4420 0.7821 0.4201 0.7304 0.3840 0.7116 0.3746 0.6599 0.3527 0.6520 0.3417 0.6144 0.2978 0.5987 0.2618 0.6379 0.2398 0.6771 0.2476 0.6850 
5 0.0580 0.9984 0.1395 0.8495 0.2257 0.7085 0.2962 0.6238 0.3417 0.6928 0.3793 0.7633 0.4342 0.8542 0.4781 0.9013 0.5094 0.9969 
5 0.0016 0.0000 0.3840 0.0016 0.2806 0.0517 0.0016 0.0282 
2 0.9984 0.4107 0.8260 0.3480 0.8354 0.3245 0.9984 0.3840 
2 0.3197 0.3245 0.3245 0.3495 0.4624 0.3401 0.5282 0.3323 0.5815 0.3307 0.6489 0.3323 0.6599 0.3088 0.5423 0.3041 0.4232 0.3119 
4 1.0000 0.5078 0.9530 0.4890 0.8511 0.4514 0.7539 0.4326 0.6364 0.4279 0.5408 0.4404 0.4765 0.4608 0.4436 0.4781 0.3809 0.5219 0.3245 0.5784 0.3009 0.6034 0.2680 0.6332 0.2320 0.6850 0.2147 0.7132 0.1959 0.7382 0.1473 0.8088 0.1301 0.8307 0.0925 0.8307 0.1003 0.6975 0.1176 0.6505 0.1332 0.6097 0.1583 0.5674 0.2085 0.4984 0.2586 0.4530 0.3150 0.4013 0.3809 0.3730 0.4671 0.3417 0.5564 0.3292 0.6379 0.3276 0.7179 0.3339 0.7774 0.3417 0.8480 0.3527 0.9075 0.3730 0.9718 0.4044 0.9969 0.4091 
2 0.5251 0.5094 0.5266 0.5204 0.5721 0.5125 0.6207 0.5031 0.6567 0.5000 0.7006 0.5000 0.7476 0.5031 0.7743 0.5078 0.7978 0.5125 0.8292 0.5172 0.8495 0.5251 0.8480 0.5110 0.8072 0.4984 0.7618 0.4937 0.7100 0.4875 0.6583 0.4875 0.5831 0.4969 0.5423 0.5031 
