0 0.2821 0.3370 0.2900 0.3793 0.3009 0.4091 0.3150 0.4326 0.3292 0.4436 0.3495 0.4624 0.3589 0.4875 0.3652 0.5031 0.3574 0.5235 0.3370 0.5361 0.3245 0.5282 0.3041 0.4922 0.2868 0.4655 0.2712 0.4404 0.2649 0.4122 0.2649 0.3746 0.2618 0.3448 
6 0.4420 0.7633 0.4718 0.8668 0.5878 0.6818 0.5219 0.6411 0.5313 0.6003 0.5282 0.5658 0.5157 0.5110 0.5125 0.4906 0.5016 0.4781 0.4984 0.4608 0.5031 0.4530 0.5000 0.4483 0.4828 0.4530 0.4498 0.4687 0.4232 0.4749 0.3903 0.4937 0.3715 0.5000 0.3527 0.5141 0.3417 0.5266 0.3464 0.5392 0.3605 0.5533 0.3746 0.5721 0.3871 0.6003 0.4044 0.6348 0.4185 0.6755 
8 0.8605 0.0016 0.8668 0.0392 0.8746 0.0862 0.8856 0.1583 0.9216 0.3683 0.9545 0.5502 0.9765 0.5517 0.9671 0.4875 0.9483 0.3966 0.9263 0.2696 0.9044 0.1630 0.8918 0.0674 0.8856 0.0000 
9 0.9984 0.5564 0.9467 0.5596 0.8746 0.5596 0.8370 0.5549 0.7884 0.5470 0.6787 0.5219 0.6144 0.5094 0.5752 0.4922 0.5470 0.4765 0.5298 0.4655 0.5157 0.4608 0.5031 0.4592 0.5016 0.4451 0.5172 0.4451 0.5376 0.4530 0.5611 0.4624 0.5705 0.4734 0.5909 0.4843 0.6191 0.4922 0.6520 0.5000 0.7132 0.5157 0.7884 0.5361 0.8386 0.5455 0.8871 0.5502 0.9295 0.5486 0.9969 0.5486 
1 0.2994 0.6050 0.2837 0.6113 0.2555 0.6630 0.2759 0.7821 0.3056 0.7837 0.3119 0.7602 0.3088 0.7132 0.3276 0.6944 0.3589 0.7038 0.3652 0.6724 0.3574 0.6254 
1 0.0705 0.0031 0.1285 0.2210 0.2006 0.5266 0.2712 0.8417 0.3072 0.9969 0.2257 0.9984 0.1379 0.6066 0.0721 0.3276 0.0031 0.0486 0.0031 0.0016 
5 0.0031 0.9984 0.2226 0.9969 0.1003 0.4671 0.0016 0.0549 
5 0.9984 0.9953 0.3903 0.9969 0.4687 0.8824 0.6050 0.6567 0.6850 0.5251 0.7618 0.5439 0.8621 0.5596 0.9373 0.5643 1.0000 0.5596 
4 0.4357 0.0078 0.4483 0.1301 0.4765 0.4514 0.3166 0.5094 0.2962 0.2837 0.2853 0.0956 0.2790 0.0063 
2 0.3307 0.0157 0.3354 0.0705 0.3448 0.1536 0.3542 0.2555 0.3605 0.3417 0.3777 0.4843 0.3981 0.4734 0.3730 0.2382 0.3574 0.0815 0.3495 0.0078 
