0 0.0470 0.6364 0.0674 0.6129 0.0815 0.5799 0.1003 0.5533 0.1301 0.5172 0.1614 0.4781 0.2022 0.4498 0.2367 0.4279 0.2884 0.4075 0.3260 0.3934 0.3589 0.3871 0.4122 0.3903 0.4357 0.3950 0.4389 0.3668 0.3918 0.3542 0.3229 0.3542 0.2257 0.3871 0.1614 0.4295 0.1254 0.4687 0.0721 0.5313 0.0361 0.5972 0.0251 0.6317 0.0282 0.6520 0.0486 0.6426 
2 0.1708 0.9561 0.2727 0.4937 0.3887 0.4906 0.3840 0.4639 0.2476 0.4734 0.1458 0.9639 
6 0.4279 0.4483 0.3950 0.4530 0.3981 0.4624 0.3182 0.4796 0.3197 0.4984 0.3480 0.5000 0.3495 0.5188 0.3636 0.5329 0.3041 0.5690 0.2476 0.8934 0.3621 0.8417 0.4263 0.8417 0.4749 0.5376 0.4969 0.5266 0.5580 0.5486 0.5063 0.5188 0.5157 0.5094 0.5658 0.4922 0.5502 0.4749 0.5157 0.4718 0.5000 0.4514 
5 0.1489 1.0000 0.1850 0.9561 0.2320 0.9185 0.3025 0.8809 0.3856 0.8574 0.4420 0.8605 0.5078 0.8918 0.5784 0.9545 0.6113 0.9984 
1 0.0047 0.7210 0.0925 0.6348 0.1082 0.6129 0.1223 0.6097 0.1144 0.6348 0.0831 0.6693 0.0909 0.6928 0.0611 0.8119 0.0408 0.8370 0.0110 0.8871 0.0078 0.9953 0.0533 0.9984 0.1129 0.8166 0.1552 0.7273 0.1646 0.6803 0.1599 0.6395 0.1332 0.6223 0.1614 0.6050 0.1097 0.5862 0.0972 0.5956 0.0517 0.6473 0.0047 0.6912 
1 0.8197 0.9969 0.8527 0.8809 0.8589 0.7868 0.8668 0.7539 0.8856 0.7759 0.8746 0.8339 0.8542 0.9969 0.8683 0.9984 0.8824 0.8558 0.9044 0.8135 0.9013 0.7680 0.8871 0.7586 0.8840 0.7116 0.8715 0.7069 0.8511 0.7241 0.8370 0.8292 0.8213 0.8589 0.8119 0.9357 0.7994 0.9953 
1 0.0078 0.2712 0.1097 0.2132 0.1959 0.1176 0.1489 0.1050 0.0674 0.1442 0.0016 0.2476 
1 0.2069 0.1552 0.2382 0.1379 0.2931 0.0831 0.2790 0.0799 0.2476 0.0909 0.2257 0.1113 0.1991 0.1458 
4 0.1113 0.5737 0.1364 0.5470 0.1865 0.5016 0.2524 0.4671 0.3182 0.4451 0.3699 0.4342 0.4216 0.4295 0.4969 0.4389 0.5690 0.4577 0.6160 0.4765 0.6708 0.5110 0.7210 0.5392 0.7680 0.5815 0.7994 0.6207 0.8401 0.6850 0.8589 0.7179 0.9122 0.6724 0.9091 0.6473 0.8950 0.6066 0.8715 0.5627 0.8386 0.5235 0.7900 0.4843 0.7476 0.4545 0.6724 0.4107 0.5987 0.3762 0.5376 0.3558 0.4639 0.3370 0.3934 0.3339 0.2853 0.3495 0.2351 0.3699 0.1803 0.3966 0.1129 0.4436 0.0564 0.4922 0.0078 0.5502 0.0016 0.5768 0.0031 0.6944 
5 0.0047 0.7273 0.1129 0.6191 0.1113 0.6332 0.0768 0.6724 0.0862 0.6928 0.0580 0.8088 0.0078 0.8793 
5 0.0031 0.0063 0.0031 0.2335 0.0643 0.1411 0.1473 0.1003 0.2132 0.1160 0.2492 0.0846 0.2806 0.0768 0.2931 0.0047 
