1 0.8668 0.0815 0.5627 0.0846 0.5862 0.2038 0.9984 0.1975 0.9984 0.1395 0.9342 0.1379 0.9154 0.1301 
1 0.0031 0.1708 0.0016 0.1693 0.1473 0.1379 0.1254 0.0768 0.0031 0.0846 
1 0.6285 0.5266 0.5078 0.4906 0.4906 0.5063 0.5423 0.5705 0.4561 0.5878 0.4483 0.6301 0.4843 0.7194 0.5219 0.7257 0.5282 0.7665 0.5878 0.7994 0.5846 0.8245 0.5690 0.8527 0.5878 0.8683 0.5862 0.9028 0.6473 0.9295 0.6567 0.9420 0.5972 0.9373 0.6050 0.9592 0.7743 1.0000 0.8260 0.9969 0.6426 0.8840 0.6473 0.8088 0.7069 0.8025 0.6160 0.7508 0.6019 0.6897 0.5533 0.6975 0.5298 0.6489 0.5455 0.6270 0.5690 0.6082 0.5611 0.5815 0.6364 0.5611 
1 0.7633 0.5486 0.7132 0.6254 0.6379 0.6003 0.6505 0.5172 
2 0.0031 0.4671 0.0235 0.4608 0.0784 0.4389 0.1505 0.4154 0.2288 0.3918 0.3025 0.3762 0.3621 0.3683 0.4342 0.3621 0.4404 0.4781 0.4498 0.4859 0.4875 0.3793 0.5282 0.3950 0.5564 0.4044 0.5893 0.4138 0.6238 0.4185 0.6630 0.4232 0.6944 0.4373 0.7038 0.4373 0.6630 0.5172 0.6850 0.5235 0.6959 0.5031 0.7226 0.4498 0.7712 0.4718 0.8197 0.4953 0.8950 0.5298 1.0000 0.5831 1.0000 0.5690 0.9107 0.5219 0.8197 0.4796 0.7571 0.4514 0.7147 0.4310 0.6834 0.5078 0.6771 0.5063 0.6944 0.4765 0.7163 0.4232 0.6724 0.4122 0.6003 0.4013 0.5564 0.3903 0.4875 0.3652 0.4749 0.3605 0.4498 0.4483 0.4483 0.3480 0.4091 0.3480 0.3511 0.3558 0.2915 0.3668 0.2273 0.3824 0.1520 0.3981 0.0705 0.4263 0.0016 0.4545 
3 0.9984 0.2335 0.7414 0.2367 0.4248 0.2476 0.3276 0.2414 0.2555 0.2210 0.3103 0.2147 0.4138 0.2116 0.5752 0.2053 0.9984 0.1975 
1 0.0987 0.6176 0.1348 0.5909 0.1865 0.5627 0.1693 0.5862 0.1677 0.6050 0.1583 0.6129 0.1552 0.6489 0.1254 0.6677 0.1097 0.6865 0.1050 0.6975 0.1411 0.7665 0.2727 1.0000 0.0799 0.9953 0.0016 0.7602 0.0031 0.6897 0.0313 0.6458 0.0016 0.5862 0.0016 0.4718 0.0549 0.5470 0.0987 0.5345 0.1207 0.5376 0.1207 0.5596 0.0784 0.6082 0.0878 0.6270 
0 0.1129 0.4937 0.1395 0.4937 0.1646 0.4859 0.1818 0.4843 0.2163 0.4953 0.2241 0.4828 0.2085 0.4734 0.2445 0.4592 0.2837 0.4561 0.3103 0.4483 0.3354 0.4561 0.3934 0.4687 0.4122 0.4530 0.3966 0.4357 0.3683 0.4216 0.3464 0.4075 0.3260 0.3997 0.3056 0.3981 0.2853 0.3997 0.2571 0.4154 0.2304 0.4248 0.2069 0.4295 0.1803 0.4436 0.1458 0.4592 0.1144 0.4734 0.1066 0.4859 
5 0.3856 1.0000 0.4060 0.9859 0.4326 0.9687 0.4702 0.9561 0.5235 0.9483 0.5846 0.9530 0.6332 0.9639 0.7053 0.9796 0.7414 0.9906 0.7586 1.0000 
5 0.7555 0.5768 0.8009 0.5799 0.9969 0.6520 0.9984 0.9984 0.8307 0.9969 0.7821 0.9671 0.8166 0.9326 0.7602 0.9044 0.7006 0.7821 0.6677 0.7727 0.6536 0.6771 0.5674 0.6176 0.5674 0.5815 0.6411 0.5658 0.6379 0.6050 0.7132 0.6270 
5 0.9984 0.0031 0.9984 0.1379 0.9326 0.1332 0.9154 0.1254 0.8605 0.0721 0.5987 0.0799 0.5799 0.0690 0.5784 0.0815 0.5580 0.0846 0.5502 0.1207 0.5439 0.1285 0.5141 0.0627 0.4859 0.0705 0.4765 0.1223 0.4436 0.1301 0.4216 0.0768 0.2696 0.0768 0.2429 0.0972 0.2304 0.0815 0.1364 0.0846 0.1270 0.0705 0.0047 0.0799 0.0031 0.0031 
5 0.0016 0.1755 0.0016 0.2085 0.3260 0.2085 0.5533 0.1818 0.5439 0.1520 0.4969 0.1317 0.3495 0.1755 0.3025 0.1724 0.2790 0.1489 0.2163 0.1411 0.1771 0.1301 
4 0.9984 0.6379 0.9796 0.6317 0.9404 0.6113 0.8777 0.6034 0.8260 0.5799 0.7586 0.5502 0.6850 0.5298 0.5940 0.5063 0.5204 0.4922 0.4781 0.4906 0.3887 0.4875 0.3182 0.4875 0.2633 0.4984 0.1912 0.5219 0.1176 0.5658 0.0690 0.6066 0.0345 0.6317 0.0031 0.6803 0.0047 0.5016 0.0502 0.4687 0.1176 0.4310 0.1818 0.4060 0.2712 0.3840 0.3574 0.3699 0.4420 0.3652 0.4953 0.3715 0.5737 0.3918 0.6834 0.4216 0.7633 0.4451 0.8480 0.4781 0.9357 0.5188 1.0000 0.5517 
