3 0.0815 0.9969 0.1975 0.6771 0.2774 0.4279 0.3448 0.1708 0.3260 0.1834 0.3009 0.2555 0.2868 0.2524 0.2194 0.4404 0.1724 0.5345 0.1364 0.6458 0.1113 0.6505 0.1207 0.6003 0.1176 0.5940 0.1567 0.4875 0.1897 0.4687 0.1677 0.4530 0.1693 0.4279 0.1567 0.4216 0.1270 0.3824 0.1066 0.3323 0.1364 0.2633 0.1693 0.0909 0.1818 0.0815 0.2320 0.0047 0.4013 0.0016 0.3699 0.1238 0.3605 0.2100 0.3480 0.2774 0.3245 0.3636 0.2727 0.5204 0.2382 0.6583 0.1959 0.7821 0.1599 0.8840 0.1207 0.9984 
1 0.2508 0.7868 0.2759 0.9922 0.1223 0.9969 0.1865 0.8072 0.2241 0.8166 
1 0.5172 1.0000 0.5063 0.8762 0.5157 0.8464 0.5376 0.8417 0.5282 0.7743 0.5721 0.7790 0.5799 0.7915 0.5878 0.7900 0.6003 0.7633 0.6270 0.7524 0.6442 0.7586 0.6176 0.7837 0.6254 0.8166 0.6489 0.8260 0.6552 0.8448 0.6285 0.8495 0.6599 0.8527 0.6442 0.8730 0.6332 0.8887 0.6552 0.8934 0.6740 0.9154 0.6944 0.9263 0.6755 0.9404 0.6944 0.9467 0.7006 0.9984 0.6395 0.9984 0.6129 0.9248 0.5925 0.9044 0.6019 0.8950 0.5925 0.8323 0.5752 0.8088 0.5502 0.8056 0.5580 0.8370 0.5846 0.8495 0.5517 0.8715 0.5533 0.8887 0.5266 0.9013 0.5345 0.9969 
5 0.0016 0.0016 0.0031 0.9969 0.0768 0.9953 0.0831 0.9248 0.1489 0.7524 0.0784 0.7382 0.1176 0.6066 0.1129 0.6050 0.1301 0.5408 0.1693 0.4326 0.1473 0.4216 0.1223 0.3856 0.1003 0.3307 0.1348 0.2602 0.1661 0.0862 0.1818 0.0768 0.2273 0.0031 
1 0.2273 0.4279 0.1850 0.5204 0.2241 0.5266 0.2539 0.4232 
1 0.1411 0.6473 0.1097 0.7335 0.0862 0.7257 0.1082 0.6520 
1 0.1850 0.6348 0.1489 0.7524 0.1317 0.8025 0.1458 0.8103 0.2179 0.6097 
2 0.2586 0.6661 0.2633 0.6332 0.2727 0.5925 0.2759 0.5549 0.2837 0.5219 0.2868 0.4843 0.3041 0.4248 0.3197 0.3621 0.3448 0.2900 0.3589 0.2320 0.3715 0.1881 0.4013 0.1928 0.4357 0.1959 0.4702 0.1897 0.4843 0.1928 0.4781 0.2038 0.4530 0.2038 0.4326 0.2085 0.4107 0.2100 0.3793 0.2147 0.3542 0.3072 0.3323 0.3746 0.3213 0.4342 0.3056 0.4796 0.2915 0.5266 0.2868 0.5705 0.2821 0.6113 0.2727 0.6473 0.2712 0.6771 0.3292 0.6755 0.3793 0.6803 0.4248 0.6928 0.4671 0.7210 0.4687 0.7429 0.4389 0.7241 0.4138 0.7116 0.3730 0.7194 0.3433 0.7273 0.3025 0.7461 0.2649 0.7696 0.2727 0.7978 0.2806 0.8323 0.2900 0.8777 0.2978 0.9248 0.3041 0.9796 0.3056 0.9984 0.2868 0.9953 0.2821 0.9420 0.2774 0.8997 0.2712 0.8370 0.2602 0.8056 0.2461 0.7618 0.2508 0.7445 0.2790 0.7382 0.3150 0.7210 0.3918 0.7053 0.3417 0.7006 0.2853 0.7022 0.2476 0.6912 
2 0.4828 0.1834 0.4639 0.1708 0.4295 0.1536 0.4154 0.1379 0.4122 0.1254 0.4326 0.0940 0.4608 0.0564 0.4953 0.0016 0.5157 0.0016 0.4310 0.1301 0.4953 0.1787 0.5110 0.1944 
0 0.3589 0.4060 0.3730 0.3840 0.3871 0.3668 0.4185 0.3527 0.4483 0.3433 0.4796 0.3448 0.5172 0.3417 0.5502 0.3464 0.5737 0.3495 0.5987 0.3542 0.6129 0.3542 0.6458 0.3699 0.6520 0.3589 0.6160 0.3323 0.6364 0.3041 0.6223 0.2962 0.6019 0.3229 0.5831 0.3245 0.5517 0.3213 0.5157 0.3150 0.4765 0.3150 0.4530 0.3182 0.4310 0.3229 0.4075 0.3307 0.3856 0.3464 0.3605 0.3715 0.3558 0.3918 0.3511 0.4091 
0 0.4781 0.3480 0.4671 0.3824 0.4592 0.4028 0.4530 0.4310 0.4561 0.4530 0.4514 0.4734 0.4514 0.4953 0.4498 0.5251 0.4483 0.5455 0.4498 0.5752 0.4498 0.6082 0.4561 0.6395 0.4671 0.6614 0.4734 0.6818 0.4671 0.6944 0.4404 0.6724 0.4248 0.6364 0.4138 0.6003 0.4091 0.5580 0.4107 0.5204 0.4138 0.4734 0.4169 0.4248 0.4263 0.3871 0.4357 0.3605 0.4498 0.3448 0.4749 0.3417 
6 0.5172 0.1724 0.5204 0.2022 0.5423 0.2116 0.5705 0.1944 0.5925 0.1771 0.6176 0.1536 0.6301 0.1520 0.6176 0.1677 0.6207 0.1818 0.6301 0.1944 0.6442 0.2006 0.6458 0.2053 0.6411 0.2132 0.6599 0.2179 0.6850 0.2226 0.6630 0.2320 0.6787 0.2351 0.6881 0.2367 0.6959 0.2445 0.6865 0.2555 0.6771 0.2680 0.6850 0.2821 0.6567 0.2962 0.6442 0.3150 0.6912 0.3887 0.7351 0.4514 0.8229 0.5658 0.8918 0.6536 0.9577 0.7273 0.9984 0.7194 0.9984 0.5408 0.9937 0.5172 0.9828 0.4984 0.9828 0.4687 0.9451 0.4514 0.9060 0.4107 0.8887 0.3715 0.8871 0.3323 0.8558 0.2994 0.8401 0.2618 0.8354 0.2320 0.8041 0.1944 0.8386 0.1771 0.7978 0.1646 0.7680 0.1442 0.7508 0.1113 0.7273 0.1097 0.7053 0.1034 0.7539 0.0564 0.7931 0.0157 0.8025 0.0000 0.7038 0.0016 0.6693 0.0000 0.6411 0.0063 0.5972 0.0251 0.5768 0.0596 0.5533 0.0972 0.5345 0.1332 
4 0.9201 0.0000 0.8386 0.0408 0.7555 0.0893 0.6818 0.1411 0.5987 0.2335 0.5627 0.2962 0.5235 0.3683 0.4984 0.4373 0.4843 0.5361 0.4796 0.6082 0.4765 0.7163 0.4796 0.7994 0.4922 0.8683 0.5000 0.9107 0.5141 0.9969 0.4060 0.9984 0.4044 0.9107 0.3918 0.8197 0.3746 0.7461 0.3699 0.6661 0.3793 0.5768 0.3950 0.5078 0.4107 0.4342 0.4326 0.3699 0.4734 0.2821 0.5125 0.2147 0.5690 0.1285 0.6426 0.0564 0.7116 0.0219 0.7743 0.0016 
5 0.5392 0.9953 0.5345 0.9028 0.5596 0.8918 0.5893 0.8903 0.5925 0.9107 0.6113 0.9279 0.6348 1.0000 
2 0.6270 0.3809 0.7367 0.5392 0.8229 0.6708 0.9498 0.8542 0.9984 0.9279 0.9984 0.8871 0.8856 0.7210 0.7320 0.4937 0.6520 0.3746 
