3 0.0016 0.1332 0.1395 0.1411 0.1959 0.1520 0.2680 0.1630 0.3558 0.1677 0.5408 0.1771 0.6991 0.1850 0.8762 0.1944 0.9984 0.1959 0.9984 0.0768 0.8699 0.0799 0.8495 0.0737 0.8527 0.0016 0.0016 0.0016 
0 0.0110 0.3856 0.0517 0.3433 0.1144 0.3197 0.1771 0.3056 0.2351 0.3009 0.2884 0.3025 0.3229 0.3150 0.3276 0.3339 0.3119 0.3495 0.2774 0.3464 0.2461 0.3417 0.1975 0.3401 0.1646 0.3370 0.1129 0.3527 0.0549 0.3730 0.0219 0.3934 0.0110 0.4013 
0 0.3527 0.3433 0.3981 0.3527 0.4357 0.3621 0.5188 0.3824 0.5361 0.3793 0.5470 0.3683 0.5376 0.3621 0.5110 0.3621 0.4828 0.3527 0.4498 0.3433 0.4185 0.3354 0.4028 0.3276 0.3856 0.3229 0.3683 0.3182 0.3464 0.3276 
0 0.7680 0.4592 0.8292 0.4937 0.8903 0.5313 0.9248 0.5470 0.9451 0.5580 0.9749 0.5862 0.9765 0.5674 0.9702 0.5564 0.9734 0.5439 0.9514 0.5329 0.9295 0.5266 0.9044 0.5125 0.8605 0.4906 0.8260 0.4655 0.7978 0.4561 0.7649 0.4498 
2 0.0016 0.2618 0.0266 0.2429 0.0596 0.2335 0.0987 0.2179 0.1395 0.2085 0.2006 0.1928 0.2618 0.1865 0.3135 0.1818 0.3558 0.1850 0.3997 0.1865 0.4592 0.2022 0.4812 0.2069 0.4843 0.1928 0.4561 0.1865 0.4154 0.1771 0.3589 0.1693 0.3088 0.1661 0.2586 0.1693 0.2053 0.1724 0.1818 0.1740 0.1395 0.1834 0.0768 0.2022 0.0157 0.2273 0.0016 0.2398 
2 0.0658 0.4577 0.0909 0.4467 0.1129 0.4404 0.1379 0.4357 0.1599 0.4310 0.1834 0.4310 0.2069 0.4342 0.2288 0.4373 0.2539 0.4436 0.2790 0.4514 0.2837 0.4326 0.2915 0.4216 0.3150 0.4107 0.3260 0.4044 0.3072 0.3918 0.2806 0.4060 0.2665 0.4232 0.2194 0.4169 0.1505 0.4138 0.0972 0.4263 0.0533 0.4420 
2 0.3386 0.4545 0.3793 0.4592 0.4232 0.4671 0.4671 0.4781 0.5361 0.4984 0.6003 0.5219 0.6599 0.5361 0.7100 0.5533 0.7618 0.5737 0.8229 0.5972 0.9624 0.6599 0.9984 0.6771 0.9984 0.6630 0.9185 0.6254 0.8229 0.5784 0.7978 0.5674 0.7555 0.5486 0.7132 0.5345 0.6458 0.5141 0.5737 0.4922 0.5204 0.4702 0.4671 0.4577 0.3871 0.4420 0.3417 0.4373 
1 0.0016 0.4859 0.0298 0.4639 0.0157 0.7931 0.0016 0.8103 
5 0.0016 0.8197 0.0016 0.9984 0.6991 0.9984 0.6489 0.9561 0.5893 0.9060 0.4969 0.8433 0.4013 0.7915 0.3417 0.7665 0.2806 0.7492 0.2194 0.7414 0.1536 0.7414 0.1129 0.7492 0.0674 0.7649 0.0298 0.7931 
4 0.9984 0.6552 0.9451 0.6301 0.8433 0.5799 0.7194 0.5266 0.6301 0.4953 0.5298 0.4639 0.3950 0.4326 0.2586 0.4091 0.1755 0.4028 0.1129 0.4122 0.0658 0.4326 0.0282 0.4592 0.0157 0.4734 0.0031 0.4796 0.0016 0.3918 0.0125 0.3809 0.0423 0.3589 0.1223 0.3307 0.1708 0.3182 0.2257 0.3166 0.2978 0.3150 0.3417 0.3229 0.3856 0.3260 0.4624 0.3495 0.5188 0.3652 0.5799 0.3809 0.6285 0.3966 0.6975 0.4216 0.7539 0.4436 0.8182 0.4749 0.8997 0.5188 0.9984 0.5643 
