1 0.0016 0.2226 0.0611 0.2288 0.0925 0.3041 0.1207 0.3401 0.1661 0.3762 0.1520 0.4075 0.2006 0.4263 0.1818 0.4718 0.2147 0.4984 0.1207 0.4969 0.0909 0.5110 0.0580 0.4859 0.0031 0.4671 0.0047 0.4483 0.0517 0.4624 0.0862 0.4734 0.1003 0.4624 0.1238 0.4655 0.0909 0.4295 0.0408 0.4075 0.0282 0.3464 0.0423 0.3260 0.0329 0.2962 0.0000 0.2759 
1 0.5345 0.7743 0.5157 0.7947 0.5392 0.8292 0.5549 0.8495 0.5768 0.8433 0.6176 0.8370 0.6520 0.8260 0.6364 0.8135 0.6301 0.8088 0.6332 0.7868 0.6614 0.7712 0.6818 0.7743 0.6787 0.7602 0.6614 0.7571 0.6395 0.7602 0.6270 0.7696 0.6176 0.7947 0.6176 0.8213 0.5956 0.8182 0.5878 0.8088 0.5799 0.7978 0.5831 0.7915 0.5862 0.7884 0.5956 0.7727 0.6050 0.7633 0.6129 0.7508 0.5940 0.7461 0.5831 0.7524 0.5737 0.7665 0.5596 0.7759 
0 0.0580 0.5862 0.0909 0.6113 0.1191 0.6285 0.1552 0.6520 0.1881 0.6646 0.2069 0.6740 0.2367 0.6834 0.3135 0.6928 0.3495 0.6928 0.3871 0.6928 0.4263 0.6928 0.4671 0.6897 0.4953 0.6865 0.5392 0.6787 0.5549 0.6708 0.5815 0.6646 0.6050 0.6552 0.6317 0.6505 0.6599 0.6285 0.6991 0.6442 0.7320 0.6270 0.7461 0.6176 0.7461 0.5972 0.7273 0.6082 0.7116 0.6034 0.6975 0.6003 0.7100 0.5909 0.7006 0.5799 0.6614 0.5862 0.6489 0.5831 0.6379 0.5831 0.6364 0.5956 0.6317 0.6129 0.6270 0.6207 0.6003 0.6348 0.5752 0.6442 0.5408 0.6520 0.5094 0.6614 0.4702 0.6661 0.4263 0.6724 0.3683 0.6724 0.2947 0.6677 0.2288 0.6614 0.1850 0.6426 0.1379 0.6207 0.1019 0.5956 0.0596 0.5674 
6 0.0517 0.0000 0.1113 0.0956 0.2069 0.2304 0.2821 0.3589 0.3746 0.5031 0.3934 0.5266 0.4389 0.5392 0.5000 0.5690 0.5313 0.5784 0.5893 0.5925 0.6223 0.5752 0.6599 0.5580 0.6661 0.5125 0.6536 0.4530 0.6191 0.3903 0.5862 0.3307 0.5031 0.2085 0.3887 0.0298 0.3683 0.0016 
3 0.0016 0.8009 0.2602 0.8605 0.2837 0.8574 0.2414 0.8354 0.0878 0.7947 0.0016 0.7712 
5 0.0031 0.8072 0.0031 0.9922 0.3699 0.9937 0.2320 0.9013 0.1959 0.8809 0.2116 0.8574 
1 0.5533 0.9937 0.5188 0.9765 0.4984 0.9687 0.4530 0.9781 0.4232 0.9608 0.4122 0.9828 0.3699 0.9561 0.3339 0.9263 0.3260 0.9138 0.2915 0.9075 0.2696 0.9232 0.3135 0.9357 0.3182 0.9545 0.3339 0.9530 0.3652 0.9702 0.4295 0.9969 0.5486 0.9984 
1 0.3668 0.9013 0.4467 0.9201 0.5157 0.9357 0.5533 0.9561 0.6097 0.9718 0.7053 0.9937 0.7900 0.9984 0.7429 0.9796 0.7085 0.9749 0.6693 0.9702 0.6348 0.9514 0.5846 0.9436 0.5439 0.9373 0.4875 0.9169 0.4028 0.8918 0.3699 0.8871 
1 0.7759 0.0047 0.7821 0.0486 0.8088 0.0768 0.8464 0.0611 0.8542 0.0831 0.8997 0.0674 0.8981 0.0329 0.8558 0.0016 
4 0.9169 0.0031 0.9342 0.0282 0.9671 0.0831 0.9828 0.1520 0.9781 0.2179 0.9655 0.2947 0.9545 0.3354 0.9295 0.3934 0.8871 0.4467 0.8558 0.4906 0.8166 0.5329 0.7602 0.5815 0.7100 0.6207 0.6599 0.6520 0.6113 0.6818 0.5376 0.7053 0.4671 0.7179 0.3636 0.7163 0.2602 0.7069 0.1630 0.6771 0.0627 0.6176 0.0204 0.5909 0.0000 0.5721 0.0016 0.4796 0.0188 0.4984 0.0549 0.5219 0.1050 0.5470 0.1552 0.5658 0.2210 0.5846 0.3182 0.6019 0.3997 0.6066 0.4828 0.5972 0.5627 0.5784 0.6348 0.5455 0.7210 0.4890 0.7962 0.4091 0.8464 0.3417 0.8840 0.2555 0.9075 0.1787 0.9138 0.1082 0.9075 0.0549 0.8871 0.0172 0.8636 0.0047 
6 0.6442 0.6677 0.6708 0.6991 0.7053 0.7351 0.6959 0.7539 0.6865 0.7821 0.7194 0.8276 0.7774 0.8856 0.8480 0.9404 0.8887 0.9906 0.9922 0.9922 0.9984 0.9295 0.9545 0.8950 0.9483 0.8464 0.9216 0.8103 0.9075 0.7915 0.9138 0.7351 0.8636 0.7006 0.8229 0.6458 0.8213 0.6317 0.8041 0.6144 0.7571 0.5925 0.7476 0.6270 0.7006 0.6520 
