0 0.6379 0.1818 0.6129 0.1928 0.6254 0.2053 0.6395 0.2304 0.6411 0.2618 0.6395 0.3213 0.6364 0.3652 0.6238 0.4295 0.6097 0.4718 0.6050 0.5094 0.6191 0.5188 0.6317 0.5063 0.6442 0.4718 0.6614 0.4154 0.6693 0.3558 0.6724 0.2978 0.6693 0.2304 0.6693 0.1959 0.6630 0.1724 0.6458 0.1740 
5 0.0016 0.0016 0.0016 0.1332 0.3652 0.1364 0.3683 0.1097 0.4326 0.1207 0.4342 0.1066 0.4169 0.0893 0.4248 0.0674 0.4624 0.1003 0.5392 0.0831 0.5470 0.0016 
5 0.0000 0.1520 0.0016 0.2806 0.3558 0.2837 0.3809 0.1646 
2 0.7539 0.0000 0.7414 0.0611 0.7257 0.1771 0.7069 0.2727 0.6944 0.3448 0.6693 0.4561 0.6536 0.4969 0.6082 0.5188 0.6285 0.5486 0.6348 0.5815 0.6129 0.6238 0.5815 0.6740 0.5470 0.7539 0.5078 0.7132 0.4702 0.6755 0.4342 0.6740 0.3981 0.6834 0.3918 0.6944 0.4185 0.7053 0.4592 0.7194 0.4812 0.7367 0.5016 0.7633 0.5047 0.7978 0.5063 0.8260 0.4530 0.8887 0.4091 0.9467 0.3652 0.9969 0.3934 0.9984 0.4373 0.9436 0.4843 0.8840 0.5282 0.8229 0.5313 0.7915 0.5219 0.7571 0.5063 0.7351 0.5423 0.7759 0.5549 0.7853 0.5737 0.7524 0.5972 0.6944 0.6270 0.6379 0.6536 0.5846 0.6552 0.5658 0.6473 0.5455 0.6348 0.5282 0.6520 0.5219 0.6724 0.5110 0.6787 0.4812 0.6881 0.4326 0.6991 0.3887 0.7100 0.3339 0.7210 0.2868 0.7273 0.2288 0.7398 0.1724 
1 0.0031 0.2853 0.0047 0.4248 0.3683 0.4263 0.3715 0.3119 0.4310 0.2445 0.4906 0.2696 0.5580 0.2649 0.5533 0.1724 0.5361 0.0846 0.4624 0.0940 0.4232 0.0737 0.4279 0.1207 0.3668 0.1144 0.3668 0.1411 0.0094 0.1348 0.0110 0.1599 0.3856 0.1677 0.3589 0.2837 
4 0.5470 0.0016 0.5423 0.0878 0.5643 0.1317 0.5705 0.1975 0.5721 0.2821 0.5564 0.3511 0.5408 0.4201 0.5204 0.4843 0.4937 0.5517 0.4467 0.6489 0.3950 0.7382 0.3386 0.8103 0.2618 0.8997 0.1724 0.9969 0.3370 0.9984 0.3918 0.9342 0.4624 0.8370 0.5172 0.7461 0.5705 0.6583 0.6191 0.5658 0.6599 0.4734 0.6834 0.3918 0.6944 0.3088 0.6944 0.2304 0.6975 0.1520 0.6834 0.0972 0.6677 0.0266 0.6520 0.0000 
6 0.4185 0.5313 0.3824 0.5580 0.3605 0.5878 0.3433 0.6082 0.2978 0.6238 0.2962 0.6552 0.2712 0.6865 0.2696 0.7132 0.2429 0.7555 0.2132 0.7931 0.2085 0.8088 0.1708 0.8417 0.1113 0.9107 0.0737 0.9561 0.0486 0.9953 0.0987 0.9969 0.1693 0.9577 0.2132 0.9483 0.2665 0.8824 0.3292 0.8088 0.3621 0.7947 0.3887 0.7994 0.4075 0.7602 0.3683 0.7367 0.4060 0.6991 0.4295 0.6552 0.4498 0.6270 0.4796 0.6019 0.4514 0.5361 
1 0.9451 0.9984 0.9216 0.9530 0.9984 0.8934 1.0000 0.9984 
3 0.9107 0.0016 0.8668 0.1301 0.7476 0.4687 0.7210 0.5266 0.6944 0.5878 0.6661 0.6693 0.5549 0.9969 0.8339 0.9969 0.8558 0.9357 0.8730 0.9248 0.8746 0.9545 0.9044 0.9326 0.9984 0.6301 0.9984 0.2226 0.9404 0.3730 0.9295 0.3464 0.9781 0.1865 0.9969 0.1317 0.9984 0.0031 
5 0.8386 0.9953 0.8589 0.9420 0.8668 0.9357 0.8668 0.9577 0.9075 0.9357 0.9984 0.6473 0.9984 0.8918 0.9232 0.9608 0.9483 0.9969 
5 0.9953 0.1426 0.9326 0.3433 0.9389 0.3636 0.9984 0.2194 
