0 0.2335 0.5063 0.2696 0.4812 0.2915 0.4702 0.3009 0.4467 0.3245 0.4404 0.3589 0.4091 0.4091 0.3746 0.4279 0.3589 0.4545 0.3527 0.4687 0.3495 0.4843 0.3542 0.4969 0.3621 0.5094 0.3746 0.5204 0.3809 0.5345 0.3809 0.5423 0.3809 0.5533 0.3840 0.5643 0.4075 0.5784 0.4201 0.5972 0.4263 0.6144 0.4279 0.6160 0.4154 0.5972 0.4044 0.5831 0.3903 0.5784 0.3762 0.5815 0.3621 0.6034 0.3621 0.6191 0.3495 0.6317 0.3417 0.6646 0.3480 0.6818 0.3464 0.7085 0.3448 0.7398 0.3417 0.7351 0.3213 0.6254 0.3245 0.5470 0.3464 0.5251 0.3339 0.5705 0.3197 0.5987 0.3182 0.6254 0.3182 0.6552 0.3213 0.6881 0.3197 0.7038 0.2962 0.6646 0.2931 0.5878 0.2931 0.5204 0.3072 0.4671 0.3229 0.4060 0.3480 0.3542 0.3777 0.2962 0.4310 
8 0.1176 0.9953 0.2006 0.9577 0.2414 0.9514 0.2821 0.9420 0.3370 0.9404 0.4075 0.9498 0.4357 0.9608 0.5000 0.9828 0.5251 0.9953 0.5204 0.9796 0.4937 0.9639 0.4122 0.9342 0.3652 0.9295 0.2947 0.9248 0.2210 0.9389 0.1520 0.9639 0.0972 0.9953 
6 0.3809 0.9953 0.4373 0.8511 0.5047 0.6646 0.5157 0.6034 0.5533 0.5392 0.5878 0.4812 0.6019 0.4561 0.5909 0.4310 0.6144 0.4122 0.6693 0.4154 0.6693 0.3871 0.6787 0.3621 0.6975 0.3527 0.7194 0.3464 0.7476 0.3354 0.7445 0.3119 0.7351 0.2947 0.7320 0.2618 0.7947 0.1129 0.8480 0.0016 0.9984 0.0016 0.9984 0.0721 0.9326 0.2335 0.8683 0.2680 0.8903 0.3025 0.8668 0.3401 0.8448 0.3589 0.8323 0.4028 0.8401 0.4577 0.8245 0.5846 0.7132 0.6897 0.6803 0.7288 0.6254 0.8574 0.6003 0.9969 
4 0.0016 0.8621 0.0549 0.7931 0.1238 0.7100 0.2273 0.5972 0.3276 0.5141 0.4545 0.4373 0.5266 0.4060 0.5940 0.3840 0.6693 0.3777 0.7445 0.3903 0.8292 0.4122 0.8730 0.2868 0.7038 0.2649 0.6207 0.2680 0.5172 0.2853 0.3574 0.3589 0.2508 0.4420 0.1897 0.5078 0.1144 0.5940 0.0392 0.6865 0.0016 0.7382 
3 0.0016 0.4028 0.1332 0.3495 0.2962 0.2759 0.4796 0.1881 0.5627 0.1458 0.5956 0.1097 0.8150 0.0016 0.4828 0.0016 0.3401 0.0784 0.3088 0.0862 0.2774 0.1097 0.2476 0.1897 0.2257 0.2022 0.1082 0.2429 0.0596 0.2790 0.0016 0.3009 
5 0.0016 0.0016 0.0016 0.2994 0.0627 0.2743 0.1082 0.2367 0.2241 0.1991 0.2445 0.1865 0.2759 0.1066 0.3119 0.0799 0.3370 0.0768 0.4718 0.0016 
1 0.6082 0.9953 0.6395 0.8746 0.6771 0.7539 0.7414 0.6693 0.8386 0.5815 0.8668 0.5188 0.8605 0.4248 0.8871 0.3668 0.8730 0.3292 0.9263 0.2743 0.9890 0.3260 0.9451 0.3997 0.9091 0.4154 0.8793 0.5596 0.8197 0.6473 0.7884 0.7571 0.6912 0.9953 
1 0.9639 0.0110 0.9420 0.0517 0.9232 0.0987 0.9091 0.1426 0.9091 0.0862 0.8903 0.0909 0.8777 0.1270 0.8495 0.1661 0.8448 0.2085 0.8558 0.2524 0.9013 0.2273 0.9373 0.1740 0.9906 0.0204 
1 0.5533 0.1614 0.5125 0.1850 0.5219 0.2053 0.5392 0.2147 0.5846 0.1755 0.6082 0.1552 0.6379 0.1082 0.6928 0.0815 0.6803 0.0768 0.6019 0.1144 
1 0.7429 0.0423 0.7241 0.0611 0.7445 0.0721 0.7727 0.0564 0.8041 0.0329 0.8229 0.0282 0.8260 0.0063 
1 0.7853 0.0674 0.7759 0.0846 0.7398 0.0799 0.7273 0.0987 0.7163 0.1207 0.7696 0.1301 0.8072 0.0549 
1 0.0063 0.6129 0.0423 0.5784 0.0768 0.5470 0.1238 0.5016 0.1740 0.4624 0.2257 0.4216 0.2806 0.3903 0.3417 0.3527 0.4044 0.3292 0.4530 0.3088 0.4451 0.2837 0.3934 0.3041 0.3464 0.3213 0.2900 0.3448 0.2429 0.3809 0.2006 0.4060 0.1724 0.4248 0.1223 0.4655 0.0831 0.5031 0.0423 0.5408 0.0016 0.5752 
1 0.5016 0.2618 0.5000 0.2774 0.5313 0.2806 0.6129 0.2602 0.6803 0.2461 0.7210 0.2320 0.7194 0.2492 0.7398 0.2680 0.7821 0.2555 0.8135 0.2367 0.8197 0.2085 0.7837 0.2085 0.7461 0.2429 0.7806 0.2069 0.8103 0.1975 0.8103 0.1614 0.7915 0.1411 0.7445 0.1458 0.6850 0.1693 
5 0.9984 0.9953 0.7132 0.9953 0.8386 0.8292 0.8824 0.6003 0.9295 0.4969 0.9984 0.4561 
