3 0.0016 0.0784 0.0345 0.0752 0.0643 0.0784 0.1019 0.0799 0.1270 0.0815 0.1834 0.0784 0.6865 0.0439 1.0000 0.0110 1.0000 0.0016 0.0000 0.0016 
1 0.0000 0.3605 0.0157 0.3621 0.0408 0.3699 0.0611 0.3871 0.0627 0.4122 0.0564 0.4781 0.0502 0.5376 0.0423 0.6050 0.0345 0.6599 0.0376 0.6991 0.0313 0.7414 0.0110 0.7602 0.0016 0.7539 0.0031 0.7273 0.0125 0.7304 0.0204 0.6944 0.0204 0.6395 0.0251 0.5987 0.0282 0.5486 0.0313 0.5000 0.0345 0.4718 0.0266 0.4404 0.0376 0.4216 0.0313 0.3918 0.0235 0.3793 0.0016 0.3824 
1 0.0016 0.7994 0.0219 0.8041 0.0235 0.8746 0.0031 0.8918 
6 0.0815 0.7069 0.0502 0.7335 0.0329 0.7539 0.0690 0.7618 0.1034 0.7633 0.1426 0.7382 0.2132 0.7320 0.2633 0.7273 0.2774 0.7179 0.2994 0.7257 0.3260 0.7429 0.3715 0.7476 0.4060 0.7445 0.4232 0.7382 0.4138 0.7210 0.3636 0.7116 0.3260 0.6975 0.3166 0.6771 0.2492 0.6771 0.1787 0.6818 0.0972 0.6975 
6 0.0376 0.9075 0.0925 0.8981 0.1505 0.9091 0.2210 0.8840 0.2571 0.8793 0.3103 0.8824 0.3777 0.8934 0.4185 0.9013 0.4671 0.9201 0.5235 0.9404 0.5674 0.9498 0.6113 0.9781 0.6865 0.9890 0.7382 0.9984 0.7790 0.9969 0.7335 0.9577 0.7022 0.9295 0.6379 0.9154 0.5831 0.8903 0.5313 0.8668 0.4624 0.8621 0.4169 0.8668 0.3856 0.8542 0.3386 0.8480 0.2900 0.8339 0.2586 0.8260 0.1818 0.8354 0.1238 0.8401 0.0658 0.8589 
6 0.4561 0.7492 0.4875 0.7696 0.5549 0.7743 0.5862 0.7947 0.6191 0.8119 0.6505 0.8072 0.6755 0.8119 0.7006 0.8339 0.7367 0.8464 0.7633 0.8464 0.7774 0.8605 0.8009 0.8652 0.8229 0.8809 0.8401 0.8809 0.8621 0.8966 0.8934 0.9122 0.9248 0.9326 0.9969 0.9655 0.9984 0.9263 0.9577 0.8918 0.9248 0.8715 0.8621 0.8417 0.8276 0.8229 0.8025 0.8025 0.7743 0.8135 0.7226 0.7853 0.6567 0.7633 0.6238 0.7476 0.5768 0.7382 0.5376 0.7194 0.4953 0.7273 0.4671 0.7320 
2 0.0031 0.1473 0.0329 0.1348 0.0627 0.1254 0.0987 0.1129 0.1411 0.1034 0.1818 0.0972 0.2100 0.0940 0.2665 0.0925 0.2915 0.0925 0.3354 0.0956 0.3511 0.0987 0.3542 0.0846 0.3182 0.0799 0.2445 0.0799 0.1850 0.0831 0.1473 0.0893 0.1003 0.0956 0.0564 0.1082 0.0031 0.1317 
2 0.0408 0.3652 0.0564 0.3762 0.0878 0.3668 0.1254 0.3621 0.1630 0.3621 0.1881 0.3621 0.1928 0.3480 0.1442 0.3480 0.0956 0.3511 
2 0.2524 0.3605 0.2821 0.3589 0.3245 0.3636 0.3730 0.3668 0.4028 0.3715 0.4765 0.3871 0.5141 0.3934 0.5596 0.4044 0.5893 0.4091 0.6426 0.4201 0.6865 0.4295 0.7163 0.4404 0.7571 0.4561 0.8150 0.4749 0.8542 0.4875 0.9169 0.5125 0.9687 0.5313 0.9906 0.5408 0.9937 0.5251 0.9357 0.5063 0.8730 0.4828 0.7962 0.4545 0.7210 0.4263 0.6489 0.4044 0.5564 0.3871 0.4420 0.3621 0.3605 0.3511 0.3135 0.3480 0.2539 0.3448 
0 0.0000 0.3166 0.0251 0.3041 0.0470 0.2947 0.0690 0.2884 0.0909 0.2884 0.1285 0.2837 0.1536 0.2806 0.1912 0.2806 0.2304 0.2696 0.2398 0.2555 0.2414 0.2382 0.2304 0.2304 0.2053 0.2320 0.1944 0.2398 0.1661 0.2398 0.1317 0.2414 0.1144 0.2492 0.0940 0.2524 0.0674 0.2555 0.0470 0.2649 0.0266 0.2727 0.0016 0.2837 
0 0.2539 0.2524 0.2994 0.2618 0.3464 0.2727 0.3699 0.2774 0.4107 0.2853 0.4389 0.2868 0.4420 0.2633 0.4044 0.2539 0.3777 0.2539 0.3339 0.2429 0.2947 0.2335 0.2633 0.2304 0.2524 0.2304 
0 0.6865 0.3354 0.7335 0.3511 0.7696 0.3699 0.8009 0.3903 0.8448 0.3981 0.8887 0.4122 0.9201 0.4201 0.9232 0.4013 0.8871 0.3887 0.8495 0.3809 0.8119 0.3652 0.7759 0.3464 0.7445 0.3339 0.7006 0.3166 
4 0.0000 0.2539 0.0172 0.2476 0.0784 0.2335 0.1207 0.2257 0.1912 0.2194 0.2602 0.2132 0.3292 0.2163 0.4185 0.2288 0.4859 0.2414 0.5408 0.2539 0.5925 0.2696 0.6583 0.2915 0.7241 0.3150 0.7837 0.3417 0.8542 0.3715 0.9436 0.4028 0.9984 0.4216 0.9984 0.5172 0.9483 0.4937 0.8903 0.4687 0.8150 0.4373 0.7586 0.4169 0.6928 0.3934 0.6301 0.3746 0.5596 0.3574 0.5031 0.3448 0.4248 0.3292 0.3370 0.3166 0.2461 0.3166 0.1583 0.3213 0.0705 0.3354 0.0016 0.3495 
