0 0.2210 0.6473 0.2429 0.6191 0.2602 0.5972 0.2774 0.5705 0.2900 0.5549 0.3088 0.5392 0.3401 0.5188 0.3652 0.5047 0.3840 0.4969 0.4154 0.4890 0.4545 0.4796 0.4922 0.4734 0.5361 0.4718 0.5643 0.4749 0.5721 0.4655 0.5768 0.4545 0.5690 0.4498 0.5533 0.4451 0.5298 0.4451 0.5125 0.4451 0.4843 0.4467 0.4342 0.4545 0.3997 0.4671 0.3589 0.4765 0.3260 0.5000 0.2853 0.5345 0.2461 0.5658 0.2210 0.6019 0.2085 0.6317 0.2100 0.6505 
2 0.1614 0.5486 0.2038 0.5282 0.2571 0.5016 0.2429 0.4828 0.1317 0.5392 0.1818 0.6082 0.1426 0.5831 0.1160 0.5549 0.0690 0.5298 0.0016 0.6693 0.0016 0.6881 0.0188 0.6614 0.0721 0.5533 0.1082 0.5690 0.1050 0.5862 0.1599 0.6097 0.1818 0.6270 0.1865 0.6426 0.1865 0.6520 0.1991 0.6520 0.2038 0.6317 0.1975 0.6034 0.1865 0.5799 
2 0.6301 0.4044 0.6285 0.4295 0.6630 0.4263 0.7100 0.4342 0.7633 0.4483 0.8056 0.4624 0.8574 0.4812 0.9232 0.5078 1.0000 0.5376 0.9984 0.5235 0.9263 0.4922 0.8762 0.4734 0.8229 0.4530 0.7743 0.4357 0.7226 0.4216 0.6771 0.4091 
1 0.0016 0.3918 0.0047 0.4937 0.3088 0.3197 0.2868 0.3025 0.2147 0.3339 0.1442 0.2915 0.1129 0.3495 0.0658 0.3777 0.0094 0.3934 
1 0.5596 0.0909 0.5298 0.1066 0.5016 0.1238 0.4781 0.1144 0.4013 0.1630 0.3966 0.1850 0.4483 0.1708 0.4734 0.1818 0.4984 0.1771 0.5408 0.1395 0.5799 0.1207 
1 0.0815 0.9969 0.1034 0.9420 0.1160 0.8887 0.1301 0.8824 0.1317 0.8448 0.1395 0.8166 0.1614 0.7790 0.1803 0.7586 0.1850 0.7320 0.1536 0.7665 0.1301 0.7915 0.1113 0.8197 0.0987 0.8495 0.0768 0.9060 0.0627 0.9498 0.0439 0.9937 
1 0.9953 0.6473 0.9592 0.6912 0.9404 0.7806 0.9357 0.8307 0.9091 0.8762 0.8652 0.8871 0.8182 0.9483 0.7931 0.9953 0.8871 1.0000 0.9451 0.9639 0.9875 0.8903 0.9984 0.7978 
6 0.5784 0.5533 0.6160 0.5611 0.6614 0.5784 0.6803 0.5925 0.6646 0.6160 0.6661 0.6364 0.6317 0.6552 0.6270 0.6646 0.6599 0.6975 0.6489 0.7132 0.6113 0.6818 0.6285 0.7226 0.5721 0.6865 0.5470 0.6724 0.5392 0.6740 0.5188 0.7273 0.3903 0.9953 0.2602 0.9953 0.3777 0.6991 0.3997 0.6520 0.4122 0.6144 0.4232 0.5940 0.4326 0.5815 0.4639 0.5737 0.5031 0.5831 0.5392 0.5549 
2 0.2179 1.0000 0.4185 0.5752 0.3950 0.5768 0.1897 0.9984 
1 0.0031 0.7147 0.0376 0.7006 0.0376 0.6850 0.0596 0.6646 0.0768 0.6238 0.0925 0.5831 0.0721 0.5752 0.0533 0.6113 0.0376 0.6489 0.0204 0.6693 0.0016 0.6928 
3 0.0000 0.5031 0.0016 0.5408 0.1661 0.4498 0.3135 0.3511 0.3464 0.3245 0.3668 0.2947 0.5298 0.1912 0.7257 0.0486 0.7900 0.0000 0.6489 0.0016 0.4687 0.1254 0.4687 0.1395 0.4044 0.1787 0.4232 0.1458 0.4843 0.1019 0.3605 0.1160 0.3480 0.1176 0.3135 0.1395 0.2680 0.1740 0.2618 0.1818 0.2414 0.1912 0.2194 0.2100 0.2006 0.2179 0.1850 0.2194 0.1724 0.2304 0.1191 0.3370 0.1677 0.2947 0.2241 0.3464 0.2931 0.3025 0.3072 0.3229 
5 0.0031 0.0031 0.0031 0.3871 0.0627 0.3746 0.1082 0.3495 0.1693 0.2210 0.2085 0.2116 0.3448 0.1144 0.5031 0.0987 0.6426 0.0016 
4 0.0956 0.8464 0.1129 0.8025 0.1567 0.7461 0.1944 0.7038 0.2508 0.6505 0.2915 0.6129 0.3276 0.5878 0.3574 0.5737 0.3887 0.5643 0.4498 0.5533 0.5345 0.5423 0.6567 0.5486 0.7429 0.5596 0.9389 0.5987 0.9984 0.6223 0.9953 0.5455 0.9310 0.5204 0.8605 0.4922 0.7790 0.4624 0.6755 0.4373 0.5768 0.4310 0.4984 0.4326 0.4044 0.4514 0.3495 0.4718 0.2994 0.4984 0.2586 0.5251 0.2069 0.5596 0.1661 0.5940 0.1442 0.6254 0.1176 0.6834 0.0878 0.7539 0.0721 0.8182 0.0643 0.8762 0.0705 0.9185 
5 0.9969 0.8934 0.9969 0.9953 0.9169 0.9969 0.9639 0.9702 
