3 0.0016 0.1740 0.2900 0.1834 0.4749 0.1928 0.5925 0.2006 0.6332 0.2085 0.6881 0.2194 0.7414 0.2194 0.8589 0.2241 0.9984 0.2257 0.9984 0.0016 0.3871 0.0016 0.4075 0.0329 0.4154 0.0517 0.4091 0.0611 0.3966 0.0674 0.3809 0.0705 0.3542 0.0721 0.3182 0.0737 0.1959 0.0674 0.0486 0.0611 0.0031 0.0627 
1 0.0000 0.0016 0.2257 0.0000 0.0627 0.0580 0.0016 0.0580 
1 0.3354 0.2179 0.2994 0.2382 0.2868 0.2680 0.2931 0.2947 0.3182 0.3088 0.3699 0.2978 0.4357 0.2774 0.4749 0.2524 0.4859 0.2288 0.4718 0.2053 0.4091 0.1944 
0 0.1834 0.3997 0.1944 0.3871 0.2210 0.3777 0.2398 0.3809 0.2586 0.3903 0.2790 0.3777 0.3119 0.3668 0.3386 0.3527 0.3683 0.3370 0.3840 0.3386 0.3887 0.3386 0.3966 0.3339 0.4060 0.3245 0.4279 0.3182 0.4843 0.3135 0.5282 0.3119 0.5533 0.3166 0.5658 0.3197 0.5846 0.3197 0.6176 0.3088 0.6254 0.3072 0.6426 0.3056 0.6536 0.3088 0.6567 0.3135 0.6473 0.3213 0.6348 0.3260 0.6254 0.3307 0.6034 0.3354 0.5752 0.3433 0.5533 0.3542 0.5298 0.3715 0.5125 0.3840 0.5031 0.3997 0.4969 0.4138 0.4875 0.4342 0.4718 0.4467 0.4545 0.4592 0.4310 0.4953 0.4154 0.5016 0.4028 0.4969 0.3997 0.4859 0.4075 0.4781 0.4201 0.4592 0.4310 0.4467 0.4404 0.4295 0.4545 0.4216 0.4687 0.4091 0.4718 0.3934 0.4781 0.3840 0.4937 0.3746 0.5016 0.3715 0.5063 0.3589 0.5157 0.3511 0.5282 0.3433 0.5313 0.3433 0.5470 0.3339 0.5078 0.3370 0.4624 0.3417 0.4342 0.3433 0.4248 0.3433 0.4201 0.3574 0.4075 0.3636 0.3950 0.3589 0.3840 0.3652 0.3730 0.3746 0.3621 0.3715 0.3574 0.3683 0.3464 0.3762 0.3323 0.3840 0.3213 0.3871 0.3072 0.3997 0.2962 0.3966 0.2884 0.3997 0.2790 0.4060 0.2884 0.4248 0.2994 0.4436 0.3056 0.4655 0.3119 0.4843 0.3088 0.4984 0.3150 0.5110 0.3088 0.5345 0.2978 0.5517 0.2868 0.5768 0.2696 0.5831 0.2680 0.5643 0.2727 0.5486 0.2853 0.5313 0.2915 0.5000 0.2821 0.4875 0.2696 0.4718 0.2665 0.4577 0.2524 0.4436 0.2492 0.4263 0.2508 0.4138 0.2398 0.4075 0.2273 0.4091 0.2116 0.4091 0.1991 0.4091 0.1865 0.4060 
6 0.2320 0.5110 0.2524 0.5533 0.2618 0.6034 0.2884 0.6520 0.3150 0.7351 0.3150 0.7743 0.3386 0.7539 0.3480 0.8056 0.3574 0.7994 0.3762 0.8370 0.3903 0.8746 0.4013 0.9138 0.3981 0.9984 0.5987 0.9969 0.5486 0.8213 0.5486 0.7273 0.5031 0.6928 0.5078 0.6552 0.4718 0.6129 0.4279 0.5674 0.4201 0.5235 0.4028 0.4953 0.3746 0.4796 0.3260 0.4765 0.2492 0.4765 
2 0.2132 0.3245 0.2524 0.3166 0.3088 0.3135 0.3934 0.2931 0.4702 0.2774 0.5298 0.2712 0.5611 0.2712 0.6082 0.2649 0.6489 0.2633 0.6426 0.2978 0.5580 0.3009 0.4781 0.3072 0.4107 0.3182 0.3339 0.3354 0.2680 0.3542 0.2241 0.3636 
2 0.6505 0.2978 0.6583 0.2900 0.6850 0.2602 0.7163 0.2727 0.7602 0.2853 0.8025 0.2900 0.8323 0.3009 0.8746 0.3135 0.9122 0.3260 0.9639 0.3401 0.9969 0.3558 0.9969 0.3793 0.9498 0.3558 0.8903 0.3433 0.8292 0.3260 0.7900 0.3103 0.7539 0.3056 0.7085 0.2915 0.6944 0.2868 0.6724 0.3103 0.6520 0.3135 
1 0.0956 0.6552 0.1097 0.7100 0.1520 0.6803 0.1708 0.6489 0.1724 0.6834 0.2085 0.7116 0.2257 0.7022 0.2367 0.7304 0.2586 0.7571 0.2476 0.7868 0.2602 0.8276 0.2900 0.8621 0.2743 0.8903 0.2868 0.9342 0.3119 0.9577 0.3072 0.9953 0.3903 0.9937 0.3966 0.9138 0.3652 0.8401 0.3276 0.8307 0.3339 0.7806 0.3088 0.7085 0.2868 0.6411 0.2398 0.6442 0.2743 0.6223 0.2398 0.5956 0.2085 0.5925 0.1646 0.6082 0.1614 0.6301 
4 0.0423 0.7649 0.0815 0.7147 0.1473 0.6270 0.2273 0.5470 0.2774 0.5219 0.3370 0.4734 0.3777 0.4592 0.4545 0.4373 0.5188 0.4279 0.6505 0.4310 0.7508 0.4389 0.8417 0.4561 0.8824 0.4734 0.9796 0.5047 0.9953 0.5141 0.9937 0.3840 0.9263 0.3636 0.8871 0.3542 0.7759 0.3307 0.7038 0.3229 0.5987 0.3213 0.4906 0.3260 0.3495 0.3574 0.2665 0.3856 0.2179 0.4169 0.1614 0.4639 0.0862 0.5251 0.0455 0.5690 0.0063 0.6364 0.0016 0.7774 
2 0.5157 0.5063 0.5376 0.5596 0.5658 0.6254 0.5940 0.6850 0.6160 0.7351 0.6348 0.7931 0.6912 0.9107 0.7304 0.9969 0.7539 0.9937 0.6803 0.8292 0.6238 0.6991 0.5768 0.5846 0.5486 0.5094 0.5361 0.4718 0.4875 0.4781 0.4357 0.5031 0.4028 0.5266 0.3730 0.5658 0.3856 0.5752 0.4310 0.5361 0.4828 0.5094 0.5047 0.5016 
5 0.0000 1.0000 0.0016 0.8903 0.0141 0.8715 0.0125 0.8527 0.0219 0.8182 0.0157 0.7994 0.0172 0.7821 0.0298 0.7743 0.0313 0.7868 0.0408 0.7806 0.0549 0.7806 0.0549 0.7602 0.0721 0.7555 0.0752 0.7445 0.0893 0.7429 0.0893 0.7210 0.0987 0.7226 0.0956 0.6944 0.1050 0.7210 0.1207 0.7116 0.1270 0.7210 0.1395 0.7226 0.1426 0.7100 0.1583 0.7179 0.1740 0.7241 0.1803 0.7367 0.1959 0.7414 0.1740 0.7508 0.1787 0.7712 0.1865 0.7712 0.2147 0.7524 0.2273 0.7618 0.2241 0.7727 0.2524 0.8292 0.2226 0.8699 0.2712 0.8966 0.2837 0.9577 0.3025 0.9608 0.3009 0.9859 0.2900 0.9969 
