5 0.0016 0.0596 0.0408 0.0016 0.0016 0.0016 
5 0.0016 0.9295 0.0016 0.9984 0.1897 0.9984 
1 0.7100 0.0721 0.7759 0.1050 0.8072 0.1238 0.7680 0.1379 0.7226 0.1583 0.6975 0.1411 0.6505 0.1536 0.6019 0.1771 0.6019 0.2038 0.6254 0.2116 0.6552 0.2006 0.6536 0.2163 0.6834 0.2351 0.7132 0.2367 0.7194 0.2492 0.7038 0.2680 0.6787 0.2900 0.7116 0.3041 0.7382 0.3088 0.7633 0.2696 0.7476 0.2508 0.7680 0.2382 0.7837 0.2476 0.7884 0.2696 0.8323 0.2759 0.7915 0.2806 0.7962 0.2931 0.7900 0.3088 0.7680 0.3056 0.7727 0.3166 0.8354 0.3323 0.8840 0.3417 0.8856 0.3558 0.9984 0.3746 0.9969 0.1144 
1 0.5031 0.1489 0.5094 0.1348 0.5266 0.1176 0.5361 0.1160 0.5564 0.1191 0.5705 0.1176 0.5752 0.1082 0.5611 0.1003 0.5486 0.0956 0.5502 0.0846 0.5423 0.0862 0.5408 0.0909 0.5235 0.0956 0.5110 0.1003 0.4969 0.1207 0.4937 0.1489 0.4969 0.1505 
3 0.9969 0.1113 0.9984 0.0016 0.4295 0.0000 0.4592 0.0110 0.5235 0.0329 0.6191 0.0533 0.7351 0.0737 
3 0.0470 0.0016 0.1379 0.0000 0.0549 0.1270 0.0016 0.2038 0.0016 0.0658 
2 0.2320 0.6019 0.2320 0.6176 0.2085 0.5627 0.1944 0.5078 0.1865 0.4624 0.1865 0.4091 0.1897 0.3574 0.1975 0.3135 0.2085 0.3135 0.2147 0.3072 0.2320 0.3088 0.2539 0.3245 0.2727 0.3417 0.2837 0.3636 0.2759 0.3699 0.2633 0.3668 0.2555 0.3574 0.2476 0.3480 0.2304 0.3370 0.2132 0.3339 0.2085 0.3370 0.2053 0.3652 0.2006 0.3934 0.1975 0.4389 0.2038 0.4875 0.2147 0.5329 0.2257 0.5799 
2 0.3480 0.2555 0.3276 0.2351 0.3103 0.2288 0.3025 0.2367 0.3182 0.2476 0.3354 0.2696 0.3558 0.2915 0.3715 0.3150 0.3809 0.3292 0.3871 0.3480 0.3887 0.3715 0.3918 0.3809 0.3981 0.3856 0.4028 0.3793 0.4075 0.3574 0.4091 0.3323 0.4044 0.3103 0.3918 0.2915 0.3777 0.2602 0.3652 0.2398 0.3981 0.2476 0.4357 0.2508 0.4781 0.2539 0.5204 0.2602 0.5533 0.2727 0.6066 0.2915 0.6583 0.3041 0.6975 0.3135 0.7335 0.3229 0.7696 0.3323 0.8119 0.3433 0.8354 0.3480 0.8370 0.3292 0.7445 0.3103 0.6677 0.2900 0.6097 0.2712 0.5658 0.2633 0.5110 0.2382 0.4655 0.2367 0.4169 0.2335 0.3715 0.2288 0.3527 0.2288 
0 0.3636 0.4624 0.3699 0.4843 0.3918 0.5016 0.4248 0.5172 0.4357 0.5141 0.4232 0.4969 0.4154 0.4828 0.4483 0.5063 0.4765 0.5141 0.5219 0.5219 0.5643 0.5298 0.5893 0.5298 0.6003 0.5219 0.5956 0.5110 0.5815 0.5094 0.5376 0.5000 0.4702 0.4765 0.4389 0.4561 0.4154 0.4451 0.3997 0.4326 0.3934 0.4154 0.3856 0.4028 0.3699 0.4122 0.3668 0.4263 0.3730 0.4389 0.3777 0.4498 
0 0.4389 0.4044 0.4498 0.4169 0.4687 0.4310 0.5000 0.4498 0.5329 0.4734 0.5533 0.4828 0.5768 0.5000 0.6160 0.5110 0.6364 0.5157 0.6411 0.5031 0.6176 0.4890 0.6693 0.4953 0.7038 0.4953 0.7304 0.4875 0.7320 0.4781 0.7257 0.4671 0.7100 0.4687 0.6834 0.4702 0.6364 0.4702 0.6097 0.4655 0.5878 0.4608 0.5784 0.4655 0.5752 0.4718 0.5564 0.4624 0.5298 0.4483 0.5110 0.4295 0.4937 0.4169 0.4718 0.4060 0.4514 0.3997 0.4373 0.3934 
4 0.2398 0.5345 0.2382 0.4906 0.2445 0.4451 0.2633 0.4107 0.2853 0.4013 0.3339 0.4091 0.3762 0.4263 0.4765 0.4687 0.5392 0.4890 0.6223 0.5063 0.7476 0.5266 0.8636 0.5439 0.9984 0.5705 1.0000 0.4687 0.9404 0.4514 0.8276 0.4310 0.6897 0.3997 0.5533 0.3621 0.4169 0.3323 0.3652 0.3229 0.3323 0.3135 0.2900 0.3103 0.2586 0.3229 0.2320 0.3683 0.2194 0.4232 0.2163 0.4342 0.2147 0.5063 0.2304 0.5423 0.2367 0.5486 
