0 0.4530 0.5470 0.4514 0.5298 0.4561 0.5125 0.4687 0.4812 0.4734 0.4765 0.4812 0.4498 0.4937 0.4326 0.5110 0.4232 0.5141 0.4279 0.5063 0.4404 0.5016 0.4624 0.4937 0.4812 0.4828 0.4922 0.4843 0.5063 0.4781 0.5219 0.4702 0.5361 0.4608 0.5486 
0 0.8668 0.0784 0.8542 0.0564 0.8417 0.0439 0.8150 0.0470 0.7837 0.0627 0.7445 0.1066 0.7100 0.1426 0.6646 0.2006 0.6223 0.2743 0.5909 0.3307 0.5658 0.3715 0.5313 0.4279 0.5219 0.4545 0.5266 0.4655 0.5549 0.4436 0.5862 0.4154 0.6270 0.3730 0.6693 0.3119 0.7179 0.2288 0.7586 0.1803 0.8009 0.1567 0.8339 0.1411 0.8589 0.1317 0.8652 0.1113 
6 0.5016 0.4843 0.4875 0.5063 0.4702 0.5486 0.4624 0.5909 0.4639 0.6207 0.4890 0.6238 0.5047 0.6129 0.5110 0.5768 0.5251 0.5705 0.5674 0.6129 0.6301 0.6959 0.7273 0.8323 0.8621 0.9969 0.9075 0.9969 0.6803 0.7038 0.6458 0.6473 0.6473 0.6301 0.6082 0.5940 0.5611 0.5596 0.5470 0.5486 0.5329 0.5282 0.5580 0.4969 0.5580 0.4781 0.5361 0.4577 0.5047 0.4718 
3 0.0000 0.2116 0.4592 0.0000 0.0000 0.0016 
1 0.4107 0.6364 0.3903 0.6677 0.3871 0.6865 0.3605 0.7085 0.3730 0.7257 0.3997 0.7492 0.4263 0.7179 0.4514 0.7241 0.4859 0.7273 0.5016 0.7100 0.4781 0.6881 0.4389 0.6803 0.4357 0.6395 
1 0.4890 0.7868 0.4859 0.7649 0.5188 0.7508 0.5549 0.7555 0.5925 0.7335 0.6207 0.7398 0.6411 0.7618 0.6630 0.7915 0.8072 0.9969 0.7884 0.9984 0.6630 0.8166 0.5016 0.8056 0.4169 0.7837 0.3715 0.7727 0.3746 0.7649 
1 0.4577 0.7304 0.4357 0.7398 0.4201 0.7492 0.4185 0.7586 0.4357 0.7680 0.4639 0.7759 0.4655 0.7712 0.4389 0.7555 0.4671 0.7351 
5 0.0016 0.6708 0.0502 0.6928 0.1191 0.7210 0.1614 0.7335 0.2304 0.7539 0.2947 0.7680 0.3072 0.7633 0.3417 0.7680 0.3777 0.7806 0.4201 0.7900 0.4718 0.7994 0.5188 0.8056 0.6082 0.8166 0.6661 0.8213 0.7853 0.9984 0.0031 0.9984 
6 0.0596 0.6865 0.4671 0.5455 0.4639 0.5831 0.1254 0.7147 
4 0.5564 0.6740 0.5376 0.6755 0.5063 0.6834 0.4922 0.6881 0.4545 0.6301 0.4545 0.5940 0.4592 0.5627 0.4812 0.5000 0.5172 0.4342 0.5674 0.3652 0.6567 0.2727 0.7398 0.1865 0.8464 0.0940 0.9216 0.0549 0.9781 0.0376 0.9984 0.0408 0.9984 0.1426 0.9687 0.1505 0.9216 0.1787 0.8699 0.2163 0.8276 0.2571 0.7727 0.3197 0.7038 0.3966 0.6411 0.4624 0.5972 0.5110 0.5674 0.5611 0.5549 0.5878 0.5502 0.6113 0.5611 0.6552 
