3 0.0016 0.3354 0.3182 0.2304 0.4075 0.2210 0.5000 0.1959 0.6944 0.1238 0.9984 0.0188 0.9984 0.0016 0.7069 0.0016 0.6708 0.0110 0.6583 0.0047 0.5799 0.0313 0.3307 0.1176 0.3056 0.1348 0.0925 0.2085 0.1129 0.2179 0.1301 0.2288 0.1317 0.2398 0.1176 0.2461 0.0972 0.2508 0.0361 0.2759 0.0000 0.2868 
5 0.0000 0.0016 0.3448 0.0016 0.3495 0.0313 0.0000 0.1520 
6 0.0031 0.6019 0.0439 0.6254 0.0439 0.6411 0.0893 0.6473 0.1520 0.6583 0.1803 0.6630 0.2273 0.6881 0.2492 0.7022 0.2696 0.7006 0.2947 0.6536 0.2806 0.6285 0.2649 0.6176 0.2367 0.6285 0.2257 0.6379 0.2116 0.6223 0.1991 0.6082 0.1740 0.6003 0.1552 0.6066 0.1270 0.6066 0.0455 0.5956 0.0031 0.5705 
0 0.2492 0.5909 0.2712 0.5611 0.2853 0.5408 0.3197 0.5047 0.3401 0.4781 0.3574 0.4561 0.3809 0.4404 0.4107 0.4342 0.4467 0.4232 0.4812 0.4107 0.4859 0.3966 0.4702 0.3777 0.4404 0.3887 0.4044 0.3997 0.3574 0.4185 0.3245 0.4467 0.2900 0.4859 0.2618 0.5188 0.2398 0.5502 0.2288 0.5878 0.2241 0.6254 0.2335 0.6317 
1 0.9984 0.4483 0.9467 0.4404 0.9154 0.4530 0.9201 0.4702 0.9279 0.4687 0.9263 0.5063 0.9984 0.5313 
1 0.2743 0.9984 0.2555 0.9420 0.2790 0.9467 0.2994 0.9671 0.3009 0.9373 0.3370 0.9295 0.3527 0.9451 0.3636 0.9984 
5 0.4655 0.9984 0.4577 0.9451 0.4545 0.9107 0.4561 0.8448 0.4734 0.7696 0.4906 0.7288 0.5282 0.6803 0.5643 0.6458 0.6050 0.6191 0.6442 0.5987 0.6975 0.5799 0.7508 0.5690 0.8009 0.5643 0.8480 0.5596 0.8950 0.5596 0.9389 0.5611 0.9984 0.5627 0.9984 0.9984 
6 0.2633 0.7194 0.2618 0.7492 0.2649 0.7884 0.2837 0.8041 0.3025 0.7868 0.3245 0.7743 0.3574 0.7680 0.3809 0.7727 0.4122 0.7900 0.4577 0.8135 0.4655 0.7696 0.4828 0.7288 0.3950 0.6787 0.3840 0.6536 0.3652 0.6489 0.3339 0.6442 0.3088 0.6332 0.2947 0.6411 
4 0.9984 0.4185 0.9451 0.4122 0.8887 0.4060 0.8182 0.3997 0.7335 0.4028 0.6614 0.4138 0.5690 0.4373 0.4969 0.4624 0.4279 0.4922 0.3589 0.5455 0.3056 0.6097 0.2821 0.6536 0.2555 0.7257 0.2429 0.7821 0.2382 0.8119 0.2320 0.8636 0.2367 0.9107 0.2445 0.9530 0.2649 0.9984 0.1630 0.9953 0.1458 0.9420 0.1395 0.8668 0.1426 0.7884 0.1567 0.7210 0.1771 0.6599 0.1897 0.6050 0.2147 0.5470 0.2696 0.4687 0.3103 0.4310 0.3699 0.3934 0.4624 0.3480 0.5094 0.3354 0.5580 0.3150 0.6144 0.3041 0.6928 0.2994 0.7821 0.3009 0.8511 0.3056 0.9373 0.3119 0.9953 0.3182 
2 0.1426 0.9969 0.1301 0.9718 0.1238 0.9655 0.1144 0.8824 0.1144 0.7853 0.1207 0.6959 0.1270 0.6771 0.1489 0.6536 0.1614 0.6693 0.1411 0.6944 0.1332 0.7429 0.1285 0.8119 0.1301 0.8730 0.1364 0.9232 0.1364 0.9545 0.1583 0.9953 
2 0.4467 0.2868 0.4075 0.3088 0.3323 0.3542 0.2445 0.4060 0.1442 0.4671 0.0862 0.5157 0.0361 0.5564 0.0141 0.5690 0.0094 0.5940 0.0282 0.5972 0.0392 0.5737 0.1034 0.5251 0.2445 0.4310 0.2962 0.3981 0.3480 0.3621 0.4122 0.3245 0.4561 0.2994 0.4687 0.2868 0.4702 0.2618 0.5000 0.2555 0.5376 0.2586 0.5423 0.2853 0.5408 0.3245 0.5502 0.3511 0.5690 0.3793 0.5784 0.3824 0.5878 0.3715 0.5784 0.3495 0.5721 0.3245 0.5799 0.2884 0.5784 0.2665 0.6129 0.2743 0.6505 0.2759 0.6928 0.2806 0.7320 0.2837 0.8009 0.2821 0.8480 0.2868 0.9216 0.2931 0.9969 0.2994 0.9969 0.2806 0.8887 0.2743 0.8009 0.2712 0.7194 0.2665 0.6708 0.2665 0.5846 0.2586 0.5643 0.2555 0.5611 0.2962 0.5658 0.3433 0.5533 0.2978 0.5533 0.2665 0.5439 0.2445 0.5266 0.2320 0.5063 0.2304 0.4765 0.2367 0.4592 0.2461 0.4530 0.2618 
