1 0.4122 0.0016 0.6489 0.0016 0.7618 0.0752 0.9984 0.1787 0.9969 0.1959 0.6724 0.0768 0.7618 0.6771 0.6473 0.8354 0.6364 0.6646 0.5690 0.4639 0.6317 0.8793 
6 0.6254 0.9044 0.6050 0.9295 0.5893 0.9592 0.5784 1.0000 0.6426 0.9953 0.6411 0.9608 0.6332 0.9279 
0 0.3715 0.1630 0.3777 0.1850 0.3809 0.2038 0.3809 0.2304 0.3777 0.2586 0.3715 0.2868 0.3636 0.3150 0.3715 0.3276 0.3809 0.3292 0.3903 0.3433 0.3981 0.3589 0.4091 0.3668 0.4185 0.3621 0.4154 0.3448 0.4028 0.3260 0.3871 0.3182 0.3793 0.3103 0.3809 0.3009 0.3887 0.2853 0.3903 0.2665 0.3966 0.2398 0.3950 0.2210 0.3903 0.1897 0.3840 0.1708 0.3746 0.1567 
0 0.4467 0.2994 0.4420 0.3182 0.4436 0.3323 0.4451 0.3574 0.4420 0.3793 0.4373 0.3997 0.4248 0.4295 0.4201 0.4624 0.4201 0.4843 0.4201 0.5141 0.4279 0.5549 0.4342 0.5878 0.4420 0.6442 0.4530 0.7038 0.4624 0.7304 0.4718 0.7649 0.4890 0.8009 0.5094 0.8307 0.5204 0.8354 0.5266 0.8401 0.5282 0.8809 0.5392 0.9232 0.5455 0.9342 0.5580 0.9279 0.5502 0.9107 0.5470 0.8871 0.5408 0.8542 0.5580 0.8542 0.5799 0.8621 0.5925 0.8605 0.5878 0.8433 0.5658 0.8339 0.5455 0.8182 0.5157 0.8025 0.5031 0.7853 0.4906 0.7524 0.4812 0.7006 0.4655 0.6223 0.4483 0.5439 0.4404 0.4796 0.4498 0.4263 0.4639 0.3950 0.4687 0.3746 0.4671 0.3495 0.4577 0.3354 0.4577 0.3213 0.4577 0.3088 0.4577 0.2837 
5 0.7069 0.9984 0.6724 0.9812 0.6442 0.9577 0.6301 0.9075 0.6505 0.8558 0.6677 0.8480 0.7571 0.6912 0.9138 0.4702 0.9984 0.3824 0.9984 0.9984 
5 0.2743 0.9984 0.0000 0.9984 0.0016 0.5439 0.2132 0.9279 
5 0.9984 0.0016 0.9984 0.1740 0.7712 0.0737 0.6693 0.0031 
1 0.3495 0.8245 0.3417 0.9890 0.5157 0.9796 0.3903 0.8307 
3 0.0031 0.3746 0.5313 0.9969 0.2821 0.9984 0.2085 0.9154 0.0016 0.5313 
4 0.3809 0.0000 0.4060 0.0455 0.4295 0.1223 0.4639 0.2429 0.4812 0.3213 0.5266 0.5345 0.5752 0.7414 0.6082 0.8824 0.6097 0.9013 0.5909 0.9248 0.5580 0.9467 0.5188 0.9545 0.4655 0.8950 0.3809 0.4044 0.3401 0.1646 0.3276 0.0580 0.3025 0.0016 
