0 0.3292 0.4091 0.3605 0.3950 0.3981 0.3918 0.4201 0.3966 0.4530 0.4075 0.4702 0.4232 0.4906 0.4389 0.5345 0.4796 0.5345 0.4953 0.5423 0.4953 0.5502 0.4890 0.5549 0.4796 0.5596 0.4718 0.5737 0.4718 0.5831 0.4671 0.5862 0.4577 0.5768 0.4561 0.5580 0.4561 0.5517 0.4467 0.5361 0.4389 0.5188 0.4326 0.5031 0.4248 0.4796 0.3997 0.4420 0.3809 0.4216 0.3746 0.3840 0.3652 0.3683 0.3652 0.3480 0.3746 0.3323 0.3871 0.3197 0.3997 0.3166 0.4091 
0 0.2727 0.6661 0.2821 0.6740 0.2884 0.6677 0.2931 0.6536 0.2962 0.6332 0.2978 0.6238 0.3150 0.5987 0.3323 0.5658 0.3542 0.5266 0.3730 0.5031 0.3840 0.4906 0.3840 0.4843 0.4201 0.4530 0.4342 0.4373 0.4545 0.4263 0.4624 0.4232 0.4577 0.4154 0.4420 0.4169 0.4122 0.4248 0.3903 0.4404 0.3668 0.4639 0.3401 0.4953 0.3182 0.5298 0.2931 0.5752 0.2727 0.6176 0.2696 0.6552 
2 0.4530 0.9890 0.5627 0.5016 0.5376 0.5000 0.4310 0.9843 
2 0.0611 0.6536 0.0987 0.6614 0.1599 0.6803 0.1897 0.6959 0.2085 0.7085 0.2194 0.7288 0.2382 0.7555 0.2555 0.7492 0.2476 0.7257 0.2367 0.6975 0.2226 0.6708 0.1991 0.6442 0.1630 0.6144 0.1129 0.5721 0.1991 0.4734 0.1740 0.4498 0.0925 0.5580 0.0972 0.5815 0.1317 0.6129 0.1693 0.6458 0.2022 0.6803 0.1364 0.6458 0.0831 0.6254 0.0533 0.6254 
6 0.6771 0.3652 0.6708 0.3918 0.6646 0.4138 0.6348 0.4624 0.6129 0.4875 0.5878 0.5141 0.5063 0.9718 0.5987 0.9812 0.6348 0.9937 0.6803 0.9922 0.6991 0.8589 0.7069 0.8025 0.7163 0.7476 0.7273 0.6708 0.7665 0.6442 0.7429 0.6191 0.7351 0.5940 0.7633 0.5878 0.7429 0.5721 0.7680 0.5674 0.7806 0.5063 0.7837 0.4608 0.7947 0.4075 0.8260 0.3699 0.8182 0.3292 0.7586 0.3213 0.7053 0.3260 
3 0.0016 0.4906 0.0298 0.4655 0.0502 0.4357 0.1724 0.3354 0.1881 0.2524 0.2132 0.2194 0.2210 0.2179 0.3699 0.0690 0.3966 0.0502 0.4969 0.0251 0.5251 0.0000 0.6207 0.0016 0.0016 0.5627 
1 0.6003 0.0235 0.6599 0.0455 0.7116 0.0956 0.7085 0.1223 0.6411 0.1552 0.6991 0.1599 0.7100 0.1991 0.6975 0.2382 0.5705 0.2665 0.5549 0.2304 0.6082 0.1959 0.5956 0.1693 0.5282 0.1975 0.5486 0.2492 0.5266 0.2821 0.4545 0.2116 0.4890 0.1724 0.4749 0.1489 
1 0.2022 0.4577 0.4561 0.2273 0.4279 0.1991 0.1834 0.4451 
1 0.7320 0.0329 0.7382 0.2351 0.8918 0.2445 0.9013 0.0596 0.8464 0.0705 0.7618 0.1661 0.7649 0.0235 
1 0.9295 0.0047 0.9342 0.1818 0.9451 0.1944 0.9498 0.2727 0.8777 0.2680 0.8276 0.3339 0.8307 0.3574 0.7978 0.4107 0.7508 0.6661 0.7273 0.6771 0.6850 0.9953 0.7414 0.9953 0.7508 0.7367 0.7931 0.7038 0.8229 0.4969 0.8699 0.4734 0.8433 0.4357 0.8652 0.3840 0.9279 0.3652 1.0000 0.3762 0.9984 0.2006 0.9436 0.1599 0.9483 0.0893 0.9702 0.0909 0.9765 0.0470 0.9514 0.0016 
5 0.0016 0.0031 0.0016 0.4828 0.0266 0.4639 0.0470 0.4248 0.1661 0.3323 0.1850 0.2476 0.2179 0.2100 0.2257 0.2085 0.3934 0.0423 0.4937 0.0204 0.5110 0.0016 
5 0.9969 0.9969 0.9984 0.3793 0.9248 0.3715 0.8746 0.3934 0.8809 0.4295 0.9326 0.4263 0.9357 0.4561 0.9561 0.4639 0.9498 0.4702 0.8715 0.4342 0.8652 0.4514 0.8856 0.4859 0.8464 0.5000 0.8605 0.5486 0.8229 0.5658 0.8009 0.7288 0.7696 0.8072 0.8260 0.8088 0.8150 0.8386 0.7602 0.8339 0.7618 0.8809 0.8182 0.8730 0.8213 0.9060 0.7555 0.9169 0.7461 0.9969 
1 0.0031 0.6034 0.0517 0.5611 0.0737 0.5799 0.0408 0.5925 0.0329 0.6207 0.0533 0.6614 0.0392 0.6897 0.0423 0.7414 0.0313 0.7586 0.0031 0.7304 
4 0.0392 0.9969 0.0815 0.8966 0.1285 0.8056 0.1724 0.7288 0.2351 0.6160 0.3323 0.4828 0.4028 0.4122 0.4624 0.3777 0.5329 0.3527 0.6097 0.3197 0.7367 0.2947 0.8197 0.2931 0.8448 0.2978 0.8150 0.3809 0.7429 0.3746 0.6693 0.3824 0.5972 0.4169 0.5047 0.4671 0.4263 0.5282 0.3558 0.6019 0.3088 0.6630 0.2680 0.7320 0.2288 0.8056 0.2053 0.8574 0.1787 0.9357 0.1614 1.0000 
