3 0.2539 0.0000 0.2618 0.0329 0.2853 0.1708 0.3056 0.3229 0.3339 0.5313 0.3417 0.6489 0.3589 0.8950 0.3621 0.9984 0.2320 0.9984 0.2210 0.7978 0.2147 0.6348 0.2038 0.5987 0.1944 0.5909 0.1912 0.5784 0.1897 0.5470 0.1897 0.4342 0.1834 0.4154 0.0956 0.3903 0.0862 0.3793 0.0752 0.3589 0.0815 0.3182 0.0784 0.2931 0.0705 0.2539 0.0392 0.1207 0.0408 0.0972 0.0643 0.0000 
1 0.3464 0.6693 0.3605 0.8981 0.3652 1.0000 0.6176 0.9984 0.5643 0.8871 0.5031 0.8636 0.4718 0.8072 0.4389 0.8558 0.3997 0.8448 0.4467 0.8025 0.4577 0.7633 0.3950 0.6599 0.3636 0.6411 
0 0.3495 0.2790 0.3574 0.2727 0.3589 0.2571 0.3652 0.2429 0.3746 0.2273 0.3777 0.2116 0.3966 0.1991 0.4060 0.1912 0.4342 0.1850 0.4451 0.1740 0.4734 0.1661 0.4953 0.1489 0.5157 0.1364 0.5392 0.1254 0.5549 0.1191 0.5784 0.1097 0.6097 0.0940 0.6066 0.0893 0.5846 0.0893 0.5517 0.0972 0.5549 0.0799 0.5627 0.0674 0.5611 0.0549 0.5455 0.0611 0.5329 0.0721 0.5251 0.0925 0.4922 0.1129 0.4655 0.1270 0.4420 0.1395 0.4216 0.1505 0.4044 0.1583 0.3809 0.1708 0.3683 0.1865 0.3527 0.2038 0.3401 0.2257 0.3354 0.2492 0.3386 0.2806 
0 0.4044 0.1991 0.4028 0.2241 0.4060 0.2524 0.4060 0.2774 0.4107 0.2947 0.4185 0.3197 0.4279 0.3448 0.4389 0.3730 0.4451 0.3918 0.4498 0.4138 0.4592 0.4342 0.4687 0.4577 0.4765 0.4781 0.4859 0.4922 0.5047 0.5063 0.5219 0.5078 0.5392 0.5063 0.5298 0.4906 0.5125 0.4718 0.4937 0.4514 0.4969 0.4451 0.5125 0.4514 0.4890 0.4248 0.4843 0.4091 0.4734 0.3777 0.4671 0.3668 0.4734 0.3589 0.4592 0.3417 0.4514 0.3197 0.4577 0.3119 0.4389 0.2821 0.4357 0.2649 0.4342 0.2382 0.4279 0.2241 0.4357 0.2053 0.4357 0.1912 0.4201 0.1897 
1 0.7288 0.6803 0.7132 0.6975 0.7461 0.7665 0.7539 0.7132 
2 0.9984 0.2476 0.5768 0.1129 0.5909 0.0878 0.9969 0.2304 
6 1.0000 0.1379 0.8824 0.0893 0.8448 0.0674 0.7915 0.0831 0.7476 0.0690 0.6677 0.0533 0.6129 0.0376 0.5784 0.0172 0.5893 0.0016 0.7085 0.0016 0.8025 0.0016 0.8777 0.0016 0.9310 0.0016 0.9483 0.0141 0.9687 0.0172 0.9843 0.0172 0.9922 0.0282 1.0000 0.0329 
2 0.4013 0.6646 0.4389 0.6301 0.4859 0.6113 0.5157 0.5893 0.5674 0.5862 0.5643 0.5564 0.5235 0.5580 0.4828 0.5611 0.4326 0.5627 0.4013 0.5580 0.3809 0.5674 0.3699 0.5439 0.3480 0.4420 0.3260 0.3495 0.3119 0.3621 0.3542 0.5831 0.3824 0.5940 0.4248 0.5799 0.4953 0.5768 0.3856 0.6473 
4 0.3777 0.0047 0.3621 0.0643 0.3558 0.1536 0.3527 0.2038 0.3636 0.2978 0.3699 0.3464 0.3903 0.4201 0.4060 0.4702 0.4169 0.5157 0.4451 0.5502 0.5125 0.7179 0.5329 0.7884 0.5564 0.8621 0.5799 0.9075 0.6019 0.9639 0.6285 0.9969 0.7837 0.9953 0.7492 0.9326 0.7069 0.8636 0.6489 0.7524 0.5987 0.6505 0.5674 0.5815 0.5313 0.4734 0.5125 0.4075 0.4859 0.3041 0.4812 0.2147 0.4812 0.1567 0.4906 0.0878 0.5031 0.0345 0.5172 0.0031 
5 0.0000 0.9984 0.2210 0.9937 0.2069 0.6348 0.1818 0.5925 0.1787 0.4169 0.0815 0.3918 0.0658 0.3589 0.0737 0.3056 0.0313 0.1066 0.0564 0.0031 0.0000 0.0031 
