0 0.2461 0.2288 0.2806 0.2618 0.3056 0.2900 0.3213 0.3213 0.3354 0.3480 0.3448 0.3715 0.3558 0.3887 0.3621 0.4154 0.3574 0.4295 0.3574 0.4451 0.3699 0.4639 0.3824 0.5031 0.3950 0.5219 0.4107 0.5361 0.4169 0.5298 0.3966 0.4906 0.3950 0.4702 0.3903 0.4436 0.3840 0.4216 0.3871 0.4044 0.3856 0.3871 0.3793 0.3715 0.3715 0.3574 0.3636 0.3433 0.3527 0.3213 0.3323 0.2915 0.3245 0.2821 0.2978 0.2555 0.2602 0.2288 0.2492 0.2241 
0 0.4624 0.3056 0.4671 0.3135 0.4765 0.3292 0.4796 0.3401 0.4828 0.3527 0.4969 0.3683 0.5078 0.3934 0.5188 0.4091 0.5266 0.4169 0.5345 0.4389 0.5392 0.4451 0.5408 0.4655 0.5486 0.4890 0.5533 0.5094 0.5564 0.5298 0.5564 0.5439 0.5580 0.5721 0.5564 0.5878 0.5611 0.5940 0.5674 0.5972 0.5752 0.6050 0.5799 0.6097 0.5909 0.6066 0.5940 0.6019 0.5925 0.5940 0.5862 0.5768 0.5878 0.5627 0.5909 0.5517 0.5862 0.5282 0.5878 0.5094 0.5784 0.4812 0.5737 0.4483 0.5596 0.4169 0.5439 0.3918 0.5157 0.3574 0.4969 0.3276 0.4812 0.3072 0.4655 0.2884 0.4577 0.2868 0.4530 0.2947 
7 0.4451 0.5486 0.4373 0.5533 0.4420 0.5627 0.4483 0.5705 0.4514 0.5815 0.4498 0.5956 0.4436 0.6034 0.4420 0.6160 0.4467 0.6317 0.4577 0.6552 0.4734 0.6693 0.4859 0.6724 0.4906 0.6646 0.4937 0.6520 0.4922 0.6395 0.4937 0.6254 0.4890 0.6129 0.4828 0.6019 0.4749 0.5940 0.4702 0.5799 0.4639 0.5658 0.4561 0.5533 0.4498 0.5486 
6 0.0000 0.7069 0.1207 0.6959 0.2508 0.6755 0.3229 0.6740 0.3636 0.6850 0.4498 0.6803 0.4890 0.6803 0.4828 0.7147 0.4295 0.7273 0.3072 0.7382 0.1912 0.7508 0.1082 0.7696 0.0016 0.7759 
2 0.0000 0.5784 0.1426 0.5674 0.2868 0.5549 0.4310 0.5376 0.4342 0.5580 0.2116 0.5815 0.0000 0.6003 
6 0.7038 0.5611 0.6301 0.5940 0.5909 0.6066 0.5470 0.6082 0.5141 0.6223 0.5047 0.6567 0.5141 0.6897 0.5423 0.7179 0.5768 0.7085 0.5956 0.6677 0.6285 0.6364 0.6771 0.6191 0.7226 0.5956 
2 0.7492 0.7853 0.7492 0.8213 0.7461 0.8527 0.7445 0.8856 0.7382 0.9248 0.7335 0.9561 0.7226 0.9984 0.7351 0.9984 0.7382 0.9765 0.7445 0.9436 0.7508 0.9185 0.7555 0.8793 0.7571 0.8354 
3 0.0815 0.0016 0.1646 0.0502 0.3339 0.1567 0.5047 0.2555 0.5893 0.2931 0.6803 0.3245 1.0000 0.4922 1.0000 0.4122 0.8354 0.3276 0.7696 0.2273 0.7508 0.2100 0.6097 0.1426 0.5784 0.1285 0.5549 0.1082 0.5345 0.1003 0.5157 0.0956 0.5047 0.0956 0.4922 0.0987 0.4451 0.1050 0.4232 0.1050 0.3981 0.0909 0.3464 0.0564 0.3103 0.0298 0.2633 0.0141 0.2320 0.0016 
1 0.7147 0.5658 0.7806 0.5125 0.7931 0.5141 0.7821 0.5596 0.8887 0.5188 0.8746 0.4734 0.8966 0.4687 0.8981 0.4859 0.9122 0.4859 0.9107 0.5125 0.9828 0.4875 0.6787 0.3260 0.6426 0.3213 0.6066 0.3041 0.4984 0.2555 0.4436 0.2210 0.2555 0.1520 0.2524 0.1708 0.4655 0.2555 0.4561 0.2680 0.4577 0.2806 0.4984 0.3245 0.5298 0.3715 0.5611 0.4201 0.5737 0.4436 0.5831 0.4389 0.6050 0.4639 0.6270 0.4749 0.6426 0.5235 0.6646 0.5533 
1 0.7304 0.6003 0.7492 0.5956 0.7633 0.6270 0.8088 0.5956 0.9984 0.5502 0.9984 0.9044 0.9749 0.9342 0.9467 0.8762 0.9342 0.8715 0.9169 0.8856 0.8370 0.9969 0.7398 0.9984 0.7712 0.8699 0.7900 0.8480 0.7571 0.8292 0.7476 0.7790 0.6928 0.7633 0.6881 0.7508 0.7116 0.7335 0.7257 0.7461 0.7649 0.7429 0.7727 0.7288 0.7837 0.7524 0.7806 0.7743 0.8495 0.8056 0.8699 0.7978 0.9091 0.7774 0.9561 0.7759 0.9592 0.7257 0.9342 0.7226 0.9295 0.7649 0.8715 0.7649 0.8621 0.7821 0.7962 0.7633 0.7712 0.7116 0.7602 0.6787 0.7288 0.6771 
1 0.0016 0.7962 0.0016 0.9937 0.0266 0.9890 0.0564 0.8903 0.1144 0.8495 0.1489 0.8824 0.2069 0.8793 0.2476 0.8354 0.2618 0.8323 0.2649 0.8730 0.2837 0.8840 0.2680 0.9107 0.2774 0.9639 0.3025 0.9561 0.3715 0.9624 0.4201 0.9357 0.4091 0.8809 0.4655 0.8417 0.4248 0.8025 0.4624 0.7759 0.4765 0.7994 0.4828 0.7884 0.4718 0.7602 0.5016 0.7445 0.4906 0.7743 0.4953 0.7774 0.5125 0.7429 0.5235 0.7445 0.4984 0.7837 0.5000 0.7915 0.5313 0.7476 0.5408 0.7618 0.5031 0.7962 0.5298 0.7994 0.5031 0.8417 0.5643 0.8793 0.5768 0.9232 0.5956 0.9279 0.6364 0.9969 0.6677 0.9984 0.6473 0.8793 0.6552 0.8433 0.6160 0.7962 0.5862 0.8119 0.5517 0.7351 0.5031 0.7194 0.4624 0.7226 0.2508 0.7508 0.2273 0.7492 0.2226 0.7649 0.1599 0.7759 0.1599 0.7618 0.1254 0.7696 0.1176 0.7821 0.0580 0.7853 
5 0.1834 0.9922 0.6254 0.9953 0.5909 0.9310 0.5643 0.9248 0.5549 0.8793 0.4922 0.8386 0.5172 0.8025 0.4843 0.8025 0.4639 0.8119 0.4514 0.8041 0.4702 0.8433 0.4185 0.8887 0.4248 0.9436 0.3621 0.9702 0.2633 0.9687 0.2586 0.9248 0.2006 0.9734 0.1897 0.9545 0.1520 0.9953 
5 0.2351 0.0000 0.9984 0.0016 0.9984 0.4075 0.8386 0.3260 0.7586 0.2022 0.5925 0.1317 0.5533 0.0972 0.5000 0.0846 0.4232 0.0987 0.3103 0.0219 
4 0.0016 0.3103 0.0596 0.3213 0.1223 0.3354 0.2006 0.3542 0.2680 0.3793 0.3323 0.4091 0.3809 0.4357 0.4483 0.4828 0.4984 0.5282 0.5361 0.5831 0.5799 0.6630 0.6050 0.7304 0.6223 0.7915 0.6348 0.8527 0.6426 0.9310 0.6395 0.9984 0.7414 0.9937 0.7461 0.8699 0.7367 0.7774 0.6975 0.6834 0.6740 0.6191 0.6379 0.5502 0.6097 0.5141 0.5878 0.4906 0.5141 0.3966 0.4796 0.3652 0.4420 0.3417 0.3997 0.3166 0.3589 0.2947 0.3339 0.2837 0.2712 0.2618 0.2132 0.2476 0.1771 0.2414 0.1223 0.2335 0.0690 0.2320 0.0313 0.2320 0.0000 0.2320 
1 0.0000 0.1207 0.1176 0.1332 0.2367 0.1614 0.2398 0.1411 0.1082 0.1176 0.0016 0.1066 
1 0.0047 0.1567 0.0251 0.1850 0.0408 0.1865 0.0533 0.2022 0.0596 0.1803 0.0878 0.1536 0.0564 0.1583 0.0376 0.1693 0.0408 0.1379 0.0313 0.1458 0.0251 0.1599 
1 0.0235 0.0925 0.0455 0.0878 0.0564 0.0878 0.0580 0.0987 0.0611 0.0987 0.0705 0.0940 0.0862 0.0878 0.0893 0.0925 0.0893 0.1034 0.1050 0.0987 0.1160 0.1097 0.1238 0.1066 0.1082 0.0925 0.1129 0.0878 0.1113 0.0846 0.1019 0.0925 0.0956 0.0878 0.0878 0.0784 0.0690 0.0831 0.0564 0.0784 0.0392 0.0737 0.0235 0.0878 
