0 0.5909 0.5752 0.5690 0.6097 0.5596 0.6317 0.6019 0.6129 0.6458 0.5784 0.6818 0.5517 0.7226 0.5125 0.7571 0.4781 0.7853 0.4451 0.8135 0.4028 0.8276 0.3746 0.8292 0.3636 0.8229 0.3574 0.8072 0.3636 0.7837 0.3950 0.7492 0.4373 0.7163 0.4734 0.6771 0.5125 0.6285 0.5486 0.6066 0.5627 
2 0.0000 0.6724 0.0172 0.6818 0.0486 0.6912 0.0768 0.7006 0.1207 0.7163 0.1803 0.7257 0.2398 0.7320 0.2868 0.7335 0.3260 0.7351 0.3558 0.7382 0.3746 0.7116 0.3840 0.6708 0.3840 0.6442 0.3746 0.6129 0.3495 0.5862 0.3339 0.5737 0.3480 0.5658 0.3918 0.6050 0.4075 0.6285 0.4154 0.6583 0.4122 0.6975 0.3871 0.7382 0.4154 0.7241 0.4514 0.7053 0.4781 0.6975 0.5047 0.6897 0.5423 0.6865 0.5846 0.6003 0.5972 0.6003 0.5972 0.6348 0.6442 0.6050 0.7132 0.5517 0.7837 0.4937 0.8699 0.4185 0.9451 0.3558 0.9436 0.3777 0.8558 0.4530 0.7853 0.5157 0.7210 0.5658 0.6270 0.6411 0.5940 0.6583 0.5815 0.6301 0.5517 0.6975 0.5016 0.7069 0.4514 0.7210 0.3871 0.7586 0.3699 0.7461 0.3495 0.7508 0.2335 0.7445 0.1536 0.7351 0.0956 0.7210 0.0580 0.7116 0.0000 0.6897 
2 0.0000 0.1207 0.1050 0.1708 0.2257 0.2273 0.2931 0.2602 0.3464 0.2837 0.4138 0.3150 0.4843 0.3480 0.5784 0.3903 0.5987 0.3997 0.6567 0.2712 0.6348 0.2633 0.5909 0.3652 0.0000 0.1050 
0 0.1050 0.0016 0.2022 0.0533 0.2633 0.0752 0.3088 0.0987 0.3652 0.1223 0.4091 0.1473 0.4671 0.1740 0.5266 0.2100 0.5643 0.2273 0.6254 0.2539 0.6661 0.2680 0.7147 0.2853 0.7320 0.2571 0.5282 0.1708 0.4357 0.1176 0.3229 0.0643 0.1834 0.0031 
6 0.1740 0.5439 0.2618 0.5219 0.2947 0.5047 0.3809 0.4875 0.4122 0.4812 0.5094 0.5251 0.5361 0.5470 0.4467 0.5940 0.3809 0.5752 0.3150 0.6034 0.1975 0.5862 
1 0.0000 0.1677 0.4263 0.3746 0.3480 0.4624 0.2273 0.5094 0.0031 0.3997 
5 0.0031 0.3903 0.2367 0.5063 0.0031 0.5016 
1 0.0031 0.5517 0.1332 0.5737 0.2382 0.5063 0.0047 0.4953 
3 0.9984 0.5047 0.6223 0.7194 0.6034 0.7210 0.5486 0.7414 0.3339 0.8668 0.1144 0.9984 0.2006 1.0000 0.7053 1.0000 0.8354 0.9232 0.8213 0.9107 0.8370 0.8840 0.9702 0.8041 0.9687 0.7947 0.9984 0.7633 0.9984 0.7006 0.8574 0.7414 0.9984 0.6426 
1 0.2147 0.9890 0.6317 0.7398 0.7476 0.7273 0.8589 0.6254 0.8997 0.6144 0.9028 0.6379 0.8197 0.7351 0.8339 0.7712 0.9169 0.8307 0.8197 0.8918 0.8135 0.9310 0.6975 0.9969 
4 0.9201 0.0000 0.9075 0.0470 0.8762 0.1223 0.8370 0.2006 0.8072 0.2476 0.7571 0.3103 0.7069 0.3715 0.6599 0.4263 0.5392 0.5204 0.4687 0.5470 0.3668 0.5658 0.2429 0.5752 0.1097 0.5658 0.0047 0.5533 0.0016 0.6693 0.0533 0.6787 0.1505 0.6912 0.2524 0.6975 0.3245 0.7022 0.3762 0.6897 0.4718 0.6724 0.5549 0.6442 0.6019 0.6317 0.6661 0.5831 0.7555 0.5141 0.8119 0.4451 0.8683 0.3683 0.9263 0.2759 0.9702 0.1897 0.9969 0.1129 0.9984 0.0000 
5 0.9984 0.6442 0.8668 0.7241 0.8605 0.7382 0.9984 0.6991 
5 0.7100 0.9984 0.9984 0.9984 0.9984 0.7680 0.9702 0.7962 0.9718 0.8056 0.8354 0.8887 0.8229 0.9091 0.8542 0.8966 0.8354 0.9232 
