3 0.0016 0.2461 0.0016 0.3589 0.1348 0.3652 0.2649 0.3621 0.4169 0.3558 0.5204 0.3574 0.6191 0.3527 0.7163 0.3339 0.9984 0.3182 0.9984 0.2179 0.8354 0.2320 0.6818 0.1646 0.6473 0.1536 0.4436 0.1740 0.4185 0.1661 0.4060 0.1646 0.3903 0.1693 0.3746 0.1834 0.3229 0.2461 0.3041 0.2492 0.2743 0.2476 0.1740 0.2367 0.1599 0.2398 0.1301 0.2461 0.1003 0.2492 
5 0.0016 0.0016 0.9984 0.0016 0.9984 0.2163 0.8370 0.2273 0.6473 0.1489 0.4436 0.1693 0.3934 0.1567 0.3213 0.2429 0.2053 0.2351 0.1708 0.2335 0.1191 0.2461 0.0016 0.2414 
1 0.7194 0.3417 0.7978 0.3339 0.9138 0.3323 0.9357 0.3464 0.9342 0.3683 0.9107 0.3887 0.8950 0.3934 0.9060 0.4122 0.8683 0.3997 0.8652 0.4216 0.8605 0.4389 0.8918 0.4467 0.9326 0.4530 0.9592 0.4263 0.9843 0.4545 0.9843 0.5141 0.9232 0.5094 0.8950 0.4671 0.8292 0.4937 0.8103 0.4781 0.7696 0.4969 0.7821 0.4373 0.7524 0.4216 0.6614 0.4749 0.6285 0.4592 0.7257 0.4091 0.7288 0.3746 0.7132 0.3824 0.6834 0.4044 0.6505 0.4028 0.6473 0.3809 0.5893 0.3903 0.5376 0.3777 0.4718 0.3715 0.4749 0.3589 
1 0.0047 0.5031 0.0266 0.4514 0.0674 0.4216 0.0799 0.4028 0.0486 0.3840 0.0157 0.3636 0.0000 0.3730 
1 0.1379 0.3715 0.1567 0.3918 0.2006 0.4138 0.2288 0.4154 0.3056 0.4154 0.3401 0.4044 0.3433 0.3730 0.3715 0.3652 0.3715 0.3589 
1 0.3966 0.4498 0.4013 0.4122 0.4138 0.3762 0.4216 0.3574 0.4483 0.3589 0.4373 0.3903 0.4248 0.4248 
0 0.4279 0.4781 0.3887 0.4859 0.3636 0.4875 0.3370 0.4969 0.3197 0.5094 0.3417 0.5157 0.3746 0.5063 0.4185 0.5016 0.4608 0.5016 0.5016 0.5016 0.5376 0.5094 0.5596 0.5172 0.5987 0.5298 0.6176 0.5329 0.6379 0.5376 0.6630 0.5470 0.6881 0.5596 0.7085 0.5658 0.7226 0.5752 0.7414 0.5893 0.7618 0.6034 0.7476 0.6144 0.7476 0.6254 0.7633 0.6254 0.7821 0.6207 0.7884 0.6129 0.7821 0.6003 0.7414 0.5658 0.7194 0.5486 0.6787 0.5313 0.6442 0.5172 0.6050 0.5094 0.5972 0.4937 0.5690 0.4875 0.5251 0.4828 0.4702 0.4749 
6 0.2586 0.9953 0.3072 0.9436 0.3903 0.8527 0.4875 0.7571 0.5517 0.6975 0.5846 0.6975 0.6144 0.6536 0.6850 0.6223 0.6991 0.6129 0.7210 0.6066 0.7586 0.5627 0.7680 0.4953 0.8840 0.4859 0.9044 0.5235 0.9812 0.5298 0.9749 0.5768 0.8918 0.6317 0.8448 0.6677 0.7680 0.7398 0.6520 0.8558 0.5831 0.9279 0.5329 1.0000 
2 0.0940 0.4216 0.1066 0.4451 0.1301 0.4734 0.1489 0.5000 0.1677 0.5251 0.1787 0.5580 0.1755 0.5768 0.1865 0.5784 0.1944 0.5502 0.1834 0.5110 0.1599 0.4749 0.1207 0.4326 0.1050 0.4091 
4 0.0016 0.6599 0.0470 0.6473 0.1050 0.6301 0.1630 0.6097 0.2053 0.5940 0.2524 0.5846 0.3072 0.5799 0.3715 0.5721 0.4185 0.5737 0.4843 0.5752 0.5376 0.5784 0.5893 0.5878 0.6505 0.6082 0.7132 0.6379 0.7696 0.6708 0.8292 0.7273 0.9373 0.6426 0.8809 0.5768 0.7884 0.5266 0.6912 0.4843 0.5893 0.4608 0.5110 0.4483 0.4326 0.4467 0.3339 0.4608 0.2508 0.4781 0.1693 0.5094 0.1050 0.5345 0.0282 0.5580 0.0031 0.5643 
1 0.9922 0.5909 0.9608 0.6583 0.9310 0.6693 0.9530 0.6803 0.9326 0.7116 0.9060 0.6944 0.8542 0.7335 0.8229 0.7539 0.7790 0.7759 0.5768 0.9984 0.6755 0.9984 0.8715 0.8041 0.8589 0.7774 0.9107 0.7476 0.9342 0.7915 1.0000 0.8197 
5 0.9984 0.9984 1.0000 0.8542 0.9122 0.7915 0.8824 0.8025 0.8088 0.8856 0.8166 0.9216 0.7085 1.0000 
