1 0.0016 0.0000 0.0016 0.0439 0.2649 0.0862 0.2837 0.0815 0.4075 0.0298 0.4169 0.0282 0.4169 0.0031 
3 0.0016 0.1160 0.0016 0.0470 0.2633 0.0909 0.4091 0.0313 0.6223 0.0658 0.6442 0.0596 0.9984 0.1066 0.9984 0.2884 0.8542 0.2696 0.6505 0.2398 0.5987 0.2257 0.5611 0.2100 0.2649 0.1567 
2 0.3542 0.5940 0.4107 0.5533 0.4718 0.5204 0.5580 0.9922 0.5721 0.9953 0.4843 0.5016 0.4467 0.5078 0.4013 0.5282 0.3652 0.5502 0.3370 0.5768 0.3370 0.6019 0.3464 0.6082 
6 0.4357 0.5533 0.4373 0.6301 0.4451 0.6850 0.4483 0.7179 0.4342 0.7038 0.4279 0.7602 0.4122 0.7743 0.4122 0.7476 0.3934 0.7288 0.3809 0.7586 0.3746 0.7806 0.3574 0.7868 0.3339 0.6677 0.3354 0.6050 0.3793 0.5768 0.3856 0.6097 0.4138 0.5987 0.4138 0.5627 
0 0.1850 0.5219 0.2006 0.5219 0.2116 0.5094 0.2320 0.5094 0.2492 0.5063 0.2618 0.5063 0.2696 0.5110 0.2790 0.5141 0.2853 0.5094 0.2915 0.5016 0.2853 0.4937 0.2790 0.4890 0.2712 0.4828 0.2602 0.4781 0.2445 0.4765 0.2304 0.4765 0.2132 0.4796 0.2006 0.4875 0.1881 0.4969 0.1818 0.5047 0.1803 0.5125 
0 0.3480 0.4248 0.3417 0.4404 0.3401 0.4545 0.3480 0.4608 0.3636 0.4624 0.3793 0.4577 0.3918 0.4514 0.3981 0.4467 0.4154 0.4420 0.4248 0.4404 0.4357 0.4357 0.4577 0.4310 0.4734 0.4279 0.4906 0.4279 0.5219 0.4279 0.5502 0.4279 0.5799 0.4310 0.6066 0.4357 0.6270 0.4373 0.6411 0.4467 0.6552 0.4530 0.6661 0.4467 0.6614 0.4326 0.6473 0.4154 0.6364 0.4091 0.6238 0.3903 0.5987 0.3918 0.5768 0.4060 0.5674 0.3934 0.5251 0.3950 0.4922 0.3950 0.4483 0.3950 0.4295 0.3966 0.3966 0.4028 0.3652 0.4169 
2 0.0690 0.7288 0.0737 0.7006 0.0846 0.6614 0.0972 0.6176 0.1129 0.5909 0.1332 0.5564 0.1489 0.5313 0.1693 0.5063 0.1787 0.4890 0.1552 0.4655 0.1348 0.4467 0.1411 0.4342 0.1740 0.4232 0.1975 0.4185 0.2320 0.4138 0.2696 0.4060 0.3056 0.3966 0.3307 0.3918 0.3636 0.3887 0.3934 0.3871 0.3997 0.3809 0.4326 0.3824 0.4624 0.3809 0.5016 0.3824 0.5423 0.3824 0.5737 0.3793 0.6348 0.3730 0.6505 0.4154 0.6646 0.4169 0.6818 0.3777 0.7132 0.3918 0.7429 0.4028 0.7602 0.4060 0.8135 0.4295 0.8480 0.4420 0.8683 0.4530 0.9060 0.4687 0.9514 0.4922 0.9937 0.5125 0.9984 0.4922 0.9608 0.4749 0.8934 0.4420 0.8464 0.4216 0.8276 0.4185 0.7806 0.3966 0.7508 0.3856 0.7288 0.3809 0.6724 0.3495 0.6599 0.3887 0.6489 0.3542 0.5125 0.3605 0.4342 0.3636 0.3480 0.3730 0.2633 0.3871 0.1740 0.4044 0.1348 0.4154 0.1113 0.4420 0.1552 0.4922 0.0878 0.6066 0.0596 0.6991 0.0549 0.7273 
5 0.4201 0.0016 0.4185 0.0298 0.6191 0.0611 0.6411 0.0533 0.7947 0.0737 0.7273 0.0047 
1 0.9984 0.6411 0.7994 0.5799 0.8730 0.7696 0.9734 0.7962 0.9592 0.8229 0.8527 0.8119 0.9969 0.9655 
1 0.1599 0.9969 0.1442 0.9169 0.1834 0.8793 0.2069 0.9248 0.2100 0.9969 
4 0.1630 0.8903 0.1677 0.8166 0.1928 0.7273 0.2210 0.6693 0.2915 0.5987 0.3621 0.5533 0.4404 0.5125 0.5313 0.4890 0.6144 0.4859 0.6897 0.4922 0.7445 0.5063 0.7915 0.5251 0.8370 0.5439 0.9122 0.5737 0.9969 0.6144 0.9984 0.5172 0.9514 0.5047 0.8793 0.4702 0.8213 0.4451 0.7680 0.4232 0.7273 0.4122 0.6834 0.4028 0.6489 0.3981 0.5799 0.3950 0.4781 0.3981 0.3386 0.4310 0.2900 0.4514 0.2586 0.4749 0.2038 0.5125 0.1646 0.5549 0.1332 0.6097 0.1176 0.6646 0.1113 0.7273 0.1097 0.7853 0.1129 0.8589 0.1207 0.9107 0.1364 0.9796 0.1426 0.9937 0.1677 0.9969 
