6 0.3699 0.4734 0.3292 0.5063 0.3386 0.5204 0.3417 0.5392 0.3307 0.5674 0.3197 0.5752 0.3417 0.5705 0.3245 0.5878 0.3370 0.5925 0.3323 0.6034 0.3323 0.6207 0.3213 0.6301 0.3245 0.6364 0.3213 0.6520 0.3307 0.6567 0.3150 0.6677 0.3292 0.6693 0.3448 0.6583 0.3401 0.6677 0.3558 0.6646 0.3511 0.6677 0.3542 0.6803 0.3715 0.6803 0.3574 0.6959 0.3746 0.6928 0.3966 0.6803 0.4028 0.6787 0.3997 0.6928 0.4091 0.7053 0.4075 0.7132 0.4201 0.7320 0.4295 0.7351 0.4342 0.7367 0.4467 0.7398 0.4592 0.7335 0.4702 0.7210 0.4796 0.7147 0.4781 0.7273 0.5047 0.7147 0.5298 0.7038 0.5502 0.6881 0.5643 0.6865 0.6160 0.6897 0.6285 0.6614 0.6473 0.6458 0.6348 0.6223 0.6270 0.6176 0.5878 0.5909 0.5643 0.5815 0.5768 0.5705 0.6552 0.6113 0.6740 0.6066 0.6567 0.5893 0.6129 0.5533 0.6520 0.5705 0.6897 0.6066 0.7241 0.6129 0.7335 0.6019 0.6129 0.4890 0.4859 0.5392 0.4389 0.5047 0.4154 0.4749 0.4075 0.4655 
2 0.7163 0.5658 0.6207 0.4749 0.4749 0.5282 0.4875 0.5470 0.6113 0.4953 0.7053 0.5784 
1 0.0815 0.9953 0.0878 0.9483 0.1019 0.9357 0.1144 0.9451 0.1317 0.9561 0.1646 0.9984 0.1991 0.9969 0.1975 0.9639 0.1552 0.9107 0.1301 0.8934 0.1113 0.8997 0.0799 0.9169 0.0674 0.9922 
1 0.7806 0.4922 0.7414 0.4624 0.6787 0.4624 0.6693 0.4937 0.6897 0.5345 0.7085 0.5596 0.7226 0.5846 0.7414 0.6254 0.7821 0.6755 0.8135 0.6944 0.8433 0.6881 0.8354 0.6693 0.8150 0.6567 0.8025 0.6301 0.7931 0.6066 0.7696 0.5893 0.7649 0.5611 0.7414 0.5470 0.7320 0.5251 0.7571 0.5188 0.7602 0.4984 
5 0.2382 0.0016 0.9984 0.2665 0.9984 0.0000 0.5517 0.0031 0.5862 0.0564 0.5643 0.0643 0.4796 0.0016 
5 0.3966 0.9922 0.4169 0.9326 0.4592 0.8668 0.5110 0.7978 0.5658 0.7602 0.6317 0.7273 0.7351 0.7085 0.8339 0.7069 0.8840 0.7100 0.9138 0.7163 0.9451 0.6912 0.9310 0.6661 0.8824 0.6505 0.8856 0.6223 0.8762 0.5987 0.8323 0.5737 0.8292 0.5408 0.7931 0.5376 0.7868 0.5094 0.7978 0.5000 0.8197 0.5063 0.8276 0.5188 0.8417 0.5141 0.9201 0.5549 0.9498 0.5846 0.9984 0.6160 0.9953 0.9969 
2 0.0031 0.7476 0.0235 0.7038 0.0455 0.6614 0.0705 0.6238 0.1050 0.5674 0.1317 0.5376 0.1661 0.5470 0.1771 0.5313 0.1614 0.5141 0.1944 0.4812 0.2524 0.4389 0.2774 0.4216 0.2743 0.3997 0.2649 0.3589 0.2947 0.3527 0.3260 0.3495 0.3621 0.3495 0.4013 0.3448 0.4389 0.3433 0.4702 0.3433 0.5204 0.3495 0.5345 0.3401 0.5909 0.3527 0.6254 0.3589 0.6630 0.3652 0.7006 0.3715 0.7665 0.3840 0.7633 0.4154 0.7947 0.3871 0.8746 0.4357 0.9969 0.5282 0.9984 0.5157 0.8809 0.4216 0.7994 0.3683 0.7790 0.3840 0.7727 0.3636 0.5266 0.3292 0.5141 0.3339 0.4436 0.3276 0.3589 0.3307 0.3245 0.3307 0.2476 0.3433 0.2586 0.4138 0.1442 0.5063 0.1379 0.5266 0.1238 0.5282 0.0846 0.5752 0.0705 0.6003 0.0502 0.6285 0.0329 0.6599 0.0141 0.6928 0.0031 0.7194 
0 0.2837 0.4342 0.2962 0.4357 0.3150 0.4357 0.3464 0.4389 0.3589 0.4451 0.3777 0.4577 0.3887 0.4545 0.3918 0.4420 0.3887 0.4263 0.3746 0.4185 0.3448 0.4060 0.3025 0.4028 0.2868 0.4216 
0 0.4639 0.4169 0.4984 0.4138 0.5125 0.4075 0.5423 0.4044 0.5627 0.4013 0.5862 0.3981 0.6160 0.4028 0.6473 0.4075 0.6724 0.4122 0.6959 0.4185 0.7210 0.4232 0.7539 0.4310 0.7680 0.4310 0.7759 0.4185 0.7633 0.4044 0.7398 0.3934 0.7226 0.3887 0.7069 0.3950 0.6928 0.3966 0.6818 0.3950 0.6771 0.3856 0.6646 0.3762 0.6332 0.3715 0.5940 0.3652 0.5721 0.3636 0.5345 0.3605 0.4969 0.3652 0.4749 0.3715 0.4624 0.3840 0.4577 0.4013 
4 0.0502 0.9969 0.0533 0.9608 0.0658 0.9013 0.0862 0.8276 0.1144 0.7633 0.1661 0.6881 0.2085 0.6442 0.2555 0.5956 0.3323 0.5392 0.4216 0.4890 0.5125 0.4639 0.6301 0.4467 0.7241 0.4561 0.8229 0.4906 0.9013 0.5313 0.9984 0.5987 0.9969 0.5408 0.9201 0.4875 0.8574 0.4451 0.7821 0.4091 0.7257 0.3966 0.6019 0.3762 0.4749 0.3856 0.4310 0.3918 0.3934 0.3997 0.3652 0.4138 0.3009 0.4561 0.2633 0.4781 0.2351 0.5078 0.1959 0.5439 0.1567 0.5893 0.1270 0.6238 0.1019 0.6677 0.0752 0.7179 0.0564 0.7555 0.0392 0.7962 0.0204 0.8417 0.0141 0.8746 0.0078 0.9624 0.0078 0.9969 
