0 0.4906 0.5282 0.5031 0.5345 0.5157 0.5282 0.5219 0.5188 0.5345 0.5172 0.5455 0.5157 0.5533 0.5157 0.5690 0.5282 0.5815 0.5376 0.5909 0.5392 0.5972 0.5329 0.5909 0.5219 0.5831 0.5125 0.5831 0.5031 0.6066 0.4953 0.6317 0.4969 0.6489 0.5000 0.6771 0.5063 0.6881 0.5078 0.6912 0.4953 0.6928 0.4890 0.7085 0.4922 0.7226 0.4953 0.7351 0.5000 0.7445 0.5047 0.7524 0.4969 0.7539 0.4906 0.7476 0.4765 0.7304 0.4655 0.6944 0.4624 0.6724 0.4608 0.6458 0.4592 0.6254 0.4624 0.6003 0.4624 0.5690 0.4702 0.5313 0.4718 0.5000 0.4812 0.4843 0.4937 0.4812 0.5172 
0 0.1379 0.6912 0.1661 0.6661 0.1897 0.6567 0.2194 0.6442 0.2508 0.6285 0.2806 0.6144 0.2978 0.6066 0.3041 0.5940 0.2994 0.5815 0.2821 0.5784 0.2508 0.5862 0.2241 0.5940 0.2038 0.6113 0.1787 0.6223 0.1567 0.6348 0.1270 0.6552 0.1113 0.6708 0.0987 0.6834 0.0925 0.6991 0.0925 0.7163 0.1066 0.7226 
0 0.5533 0.2273 0.5408 0.2476 0.5204 0.2618 0.5063 0.2727 0.4890 0.2900 0.4498 0.3025 0.4279 0.3025 0.3997 0.3119 0.3809 0.3307 0.3652 0.3401 0.3370 0.3511 0.3119 0.3652 0.2837 0.3809 0.2680 0.3918 0.2492 0.3934 0.2320 0.3966 0.2210 0.4060 0.1834 0.4232 0.1599 0.4467 0.1614 0.4624 0.1865 0.4561 0.1897 0.4608 0.1693 0.4718 0.1724 0.4859 0.1975 0.4843 0.2241 0.4828 0.2445 0.4828 0.2508 0.4671 0.3166 0.4310 0.3166 0.4232 0.3088 0.4154 0.2915 0.4107 0.2900 0.4091 0.2962 0.3997 0.3323 0.3840 0.3495 0.3809 0.3558 0.3715 0.3871 0.3715 0.4122 0.3730 0.4263 0.3621 0.4451 0.3495 0.4624 0.3480 0.4687 0.3527 0.4765 0.3495 0.4796 0.3417 0.4969 0.3354 0.5141 0.3276 0.5345 0.3150 0.5533 0.2931 0.5987 0.2445 
2 0.4843 0.3495 0.4718 0.3652 0.5251 0.3762 0.5987 0.3871 0.6583 0.3981 0.7147 0.4185 0.7539 0.4326 0.8009 0.4530 0.8213 0.4624 0.8621 0.4906 0.9232 0.5408 0.9984 0.6050 1.0000 0.5862 0.9201 0.5157 0.8636 0.4718 0.8229 0.4436 0.7492 0.4138 0.6881 0.3934 0.6379 0.3809 
2 0.1567 0.4843 0.1724 0.5000 0.1113 0.5611 0.0799 0.5987 0.0298 0.6661 0.0016 0.7210 0.0000 0.6724 0.0455 0.6050 0.0799 0.5596 0.1191 0.5157 
5 0.0000 0.0016 0.9984 0.0016 0.9984 0.3887 0.7633 0.3009 0.7147 0.2900 0.5470 0.2210 0.5596 0.1583 0.5564 0.1505 0.5157 0.0956 0.4734 0.1082 0.5533 0.1614 0.5423 0.2210 0.2900 0.1176 0.0831 0.0408 
3 0.9984 0.4279 0.9044 0.3871 0.8339 0.3574 0.7978 0.3433 0.7696 0.3292 0.7414 0.3088 0.7257 0.2931 0.7633 0.3025 0.8072 0.3182 0.8918 0.3495 0.9984 0.3887 
4 0.9984 0.7476 0.9310 0.7053 0.8166 0.6254 0.6944 0.5846 0.5690 0.5752 0.4828 0.5878 0.3480 0.6505 0.2429 0.7257 0.1520 0.8417 0.1019 0.9263 0.0862 0.9984 0.0000 0.9969 0.0016 0.8229 0.0643 0.7038 0.1160 0.6270 0.1991 0.5564 0.2712 0.5172 0.3652 0.4718 0.4530 0.4436 0.5721 0.4389 0.6881 0.4530 0.7696 0.4828 0.8480 0.5219 0.9389 0.5940 1.0000 0.6552 
6 0.6097 0.9984 0.5345 0.8918 0.4592 0.8009 0.3887 0.6599 0.3777 0.6395 0.3401 0.6536 0.3245 0.6505 0.3307 0.6223 0.3401 0.5972 0.3339 0.5376 0.3323 0.5094 0.2994 0.4687 0.2774 0.4592 0.3150 0.4514 0.3480 0.4624 0.3746 0.4859 0.4028 0.4937 0.4671 0.4781 0.5078 0.4843 0.4843 0.5063 0.4875 0.5329 0.5204 0.5266 0.5439 0.5235 0.6066 0.5392 0.6411 0.5439 0.6599 0.5549 0.6693 0.5690 0.6630 0.5784 0.6003 0.5752 0.6097 0.6003 0.6646 0.6082 0.6693 0.6458 0.6912 0.7038 0.7351 0.7821 0.7962 0.8762 0.8871 1.0000 
1 0.9984 0.9702 0.9530 0.8950 0.8950 0.8354 0.8574 0.7774 0.8339 0.7351 0.8135 0.6771 0.7712 0.6144 0.7571 0.6082 0.7257 0.6050 0.6583 0.6144 0.6661 0.6473 0.7006 0.7226 0.7398 0.7978 0.7853 0.8542 0.8229 0.9201 0.8762 0.9984 0.9389 0.9984 0.9091 0.9420 0.8793 0.9107 0.8339 0.8777 0.8574 0.8574 0.8386 0.8323 0.7649 0.7727 0.7508 0.7288 0.7759 0.7320 0.7759 0.7132 0.7633 0.7100 0.7429 0.7132 0.7006 0.6426 0.7273 0.6285 0.7555 0.6364 0.8119 0.7351 0.8464 0.7884 0.9122 0.9185 0.9671 0.9953 0.9969 0.9984 
