0 0.4812 0.3245 0.4671 0.3260 0.4749 0.3354 0.4875 0.3417 0.4843 0.3511 0.4812 0.3574 0.4843 0.3668 0.4937 0.3621 0.5047 0.3605 0.5188 0.3542 0.5313 0.3527 0.5470 0.3558 0.5674 0.3574 0.5846 0.3621 0.5972 0.3605 0.6034 0.3589 0.6160 0.3668 0.6254 0.3668 0.6379 0.3683 0.6646 0.3762 0.6693 0.3730 0.6865 0.3777 0.6944 0.3793 0.7100 0.3762 0.7132 0.3746 0.7132 0.3699 0.7053 0.3636 0.6865 0.3605 0.6646 0.3542 0.6317 0.3464 0.6034 0.3401 0.5580 0.3307 0.5251 0.3307 0.5125 0.3307 0.5078 0.3292 0.5016 0.3245 0.4937 0.3213 
6 0.1959 0.0815 0.2210 0.1160 0.2555 0.1630 0.2931 0.2116 0.3166 0.2398 0.3542 0.2884 0.3495 0.2649 0.3401 0.2445 0.3276 0.2351 0.3245 0.2241 0.3135 0.2069 0.2853 0.1693 0.2461 0.0925 
2 0.3542 0.3245 0.3323 0.3229 0.3056 0.3245 0.2947 0.3260 0.2821 0.3307 0.2649 0.3354 0.2524 0.3417 0.2179 0.3574 0.2022 0.3699 0.1881 0.3824 0.1646 0.4028 0.1520 0.4216 0.1364 0.4436 0.1254 0.4624 0.1176 0.4922 0.1082 0.5172 0.0893 0.5110 0.0972 0.4906 0.1034 0.4639 0.1191 0.4373 0.1379 0.4169 0.1458 0.3918 0.1677 0.3824 0.1803 0.3683 0.1991 0.3527 0.2210 0.3417 0.2633 0.3260 0.2837 0.3182 0.3103 0.3119 0.3339 0.3088 0.3558 0.3119 
2 0.3605 0.2696 0.3621 0.2884 0.3887 0.2853 0.3981 0.2884 0.4169 0.2900 0.4389 0.2947 0.4859 0.3041 0.5313 0.3103 0.5627 0.3166 0.6113 0.3292 0.6379 0.3354 0.6755 0.3448 0.7132 0.3558 0.7555 0.3715 0.7994 0.3856 0.8386 0.4028 0.8542 0.4075 0.8683 0.4075 0.8652 0.4028 0.8354 0.3887 0.7931 0.3746 0.7555 0.3589 0.7163 0.3464 0.6661 0.3307 0.6160 0.3182 0.5737 0.3103 0.5282 0.2994 0.4702 0.2884 0.4107 0.2806 0.3777 0.2727 
2 0.8292 0.4906 0.8417 0.4796 0.8558 0.4718 0.8699 0.4577 0.8871 0.4483 0.9091 0.4436 0.9342 0.4639 0.9984 0.5031 0.9984 0.4843 0.9592 0.4608 0.9169 0.4310 0.8887 0.4154 0.8699 0.4357 0.8495 0.4577 0.8307 0.4749 0.8197 0.4953 
4 0.9953 0.6207 0.9013 0.5690 0.8135 0.5219 0.7320 0.4843 0.6552 0.4592 0.6050 0.4451 0.5439 0.4279 0.4843 0.4201 0.4389 0.4154 0.4138 0.4169 0.3918 0.4263 0.3589 0.4389 0.3292 0.4498 0.2978 0.4687 0.2853 0.4749 0.1975 0.3997 0.2241 0.3871 0.2727 0.3605 0.3448 0.3433 0.4060 0.3323 0.4671 0.3339 0.5549 0.3417 0.6364 0.3542 0.7320 0.3715 0.7790 0.3856 0.8307 0.3981 0.9060 0.4404 0.9969 0.4937 
1 0.9420 0.9969 0.9216 0.9608 0.9718 0.8260 1.0000 0.8354 0.9969 0.9906 
1 0.3574 0.4514 0.3041 0.4969 0.3166 0.9248 0.4138 0.8292 0.4248 0.5940 0.4702 0.6160 0.4843 0.5078 0.3903 0.5094 0.3793 0.4545 
1 0.4906 0.0219 0.5878 0.0627 0.5878 0.0439 0.5204 0.0000 0.4984 0.0031 
5 0.0016 0.0282 0.0016 0.0031 0.2618 0.0016 0.3339 0.0564 0.4404 0.1317 
5 0.0047 0.6411 0.0846 0.5831 0.1144 0.5690 0.1364 0.5392 0.1975 0.5094 0.2618 0.5000 0.2978 0.4906 0.2931 0.6442 0.3166 0.9342 0.4232 0.8292 0.4922 0.7837 0.5674 0.7712 0.6489 0.7853 0.7288 0.8276 0.7900 0.8840 0.8323 0.9404 0.8652 0.9984 0.0031 0.9922 
3 0.9984 0.3793 0.9028 0.3417 0.8433 0.3213 0.7962 0.2915 0.7351 0.2571 0.4420 0.1332 0.2649 0.0000 0.4169 0.0031 0.4922 0.0345 0.5878 0.0705 0.6254 0.0690 0.6301 0.0580 0.6160 0.0439 0.6019 0.0470 0.5329 0.0031 0.7821 0.0016 0.8354 0.0204 0.8621 0.0266 0.8809 0.0219 0.9984 0.0658 
