0 0.3997 0.3354 0.3746 0.3433 0.3433 0.3527 0.3323 0.3652 0.3417 0.3715 0.3777 0.3777 0.3981 0.3777 0.4154 0.3762 0.4357 0.3824 0.4624 0.3918 0.4843 0.3997 0.4937 0.3966 0.5031 0.3793 0.4875 0.3652 0.4577 0.3511 0.4295 0.3433 
6 0.3824 0.3840 0.3589 0.4138 0.3417 0.4295 0.3370 0.4514 0.3386 0.4624 0.3809 0.4451 0.3887 0.4201 0.3824 0.4013 
3 0.0016 0.0408 0.0893 0.0486 0.2524 0.0627 0.4169 0.0768 0.5752 0.0940 0.7571 0.1113 0.7602 0.1379 0.7633 0.1536 0.7571 0.1708 0.5705 0.1505 0.3793 0.1301 0.1865 0.1113 0.0016 0.0925 
8 0.3715 0.8511 0.2038 0.8589 0.0016 0.8668 0.0016 0.8417 0.3730 0.8276 
0 0.2273 0.3903 0.2147 0.3981 0.2163 0.4075 0.2288 0.4028 0.2461 0.4060 0.2727 0.4044 0.2947 0.4028 0.3119 0.4060 0.3401 0.4028 0.3527 0.3997 0.3589 0.3871 0.3527 0.3793 
1 0.4154 0.4467 0.3621 0.4498 0.3480 0.4561 0.3464 0.4765 0.3605 0.5125 0.4216 0.4655 
1 0.3276 0.4561 0.2743 0.4608 0.1677 0.4624 0.0690 0.4639 0.0000 0.4687 0.0047 0.3307 0.0893 0.3197 0.1881 0.3197 0.2665 0.3150 0.3276 0.3135 0.3527 0.3150 
1 0.0862 0.9138 0.2680 0.9953 0.8621 0.9984 0.8605 0.9890 0.8542 0.9843 
5 0.9984 0.0016 0.0016 0.0016 0.0016 0.0392 0.7602 0.1082 0.7649 0.1646 0.7335 0.2006 0.4937 0.3981 0.4373 0.4592 0.4216 0.4498 0.4154 0.4655 0.3777 0.4890 0.3542 0.5125 0.3652 0.5940 0.3777 0.7257 0.3793 0.9357 0.8636 0.9812 0.8636 0.9984 0.9984 0.9984 
9 0.3699 0.9044 0.3683 0.8793 0.3699 0.8056 0.3683 0.7476 0.3621 0.6771 0.3542 0.5956 0.3448 0.5204 0.3323 0.4577 0.3448 0.4608 0.3558 0.5125 0.3652 0.5862 0.3746 0.6834 0.3793 0.7524 0.3824 0.8370 0.3824 0.9357 0.3699 0.9310 
