5 0.0000 0.6787 0.0846 0.5627 0.0972 0.5094 0.1755 0.4201 0.1818 0.3966 0.1520 0.3088 0.1473 0.2915 0.1536 0.2508 0.1693 0.2461 0.2680 0.0580 0.2884 0.0455 0.3386 0.0016 0.0016 0.0031 
3 0.5674 0.0000 0.4875 0.1364 0.4702 0.1897 0.4248 0.2743 0.3668 0.3652 0.2382 0.5768 0.1097 0.7555 0.0016 0.9028 0.0016 0.6740 0.0893 0.5580 0.1003 0.5094 0.1755 0.4201 0.1834 0.3871 0.1473 0.2915 0.1567 0.2492 0.1787 0.2429 0.1991 0.2022 0.2257 0.1458 0.2696 0.0596 0.2915 0.0486 0.3386 0.0000 
1 0.1693 0.6818 0.1442 0.7085 0.0705 0.8088 0.0000 0.9028 0.0031 0.9969 0.0846 0.9953 0.1364 0.9969 0.1630 0.8229 0.1818 0.7539 0.1787 0.6944 
1 0.6614 0.0047 0.6364 0.0439 0.5909 0.0846 0.5643 0.0878 0.5517 0.0690 0.5157 0.1019 0.5768 0.0047 
1 0.7915 0.0016 0.7194 0.0705 0.7414 0.0956 0.8370 0.0298 0.8245 0.0031 
1 0.6223 0.0878 0.5940 0.1097 0.5972 0.1301 0.6317 0.1238 0.6332 0.1301 0.6270 0.1552 0.6599 0.1520 0.6850 0.1003 0.6442 0.1050 0.6583 0.0721 
1 0.9122 0.0909 0.8574 0.1191 0.8307 0.1614 0.8276 0.2006 0.8276 0.2163 0.8292 0.2586 0.8542 0.2790 0.8542 0.3072 0.8793 0.3464 0.8887 0.3824 0.8903 0.4028 0.9044 0.4263 0.9044 0.4608 0.9216 0.4922 0.9404 0.5000 0.9404 0.5455 0.9545 0.5862 0.9765 0.6395 0.9984 0.6881 0.9984 0.5439 0.9718 0.4592 0.9373 0.4279 0.9342 0.3730 0.9592 0.3574 0.9498 0.3386 0.9154 0.3464 0.9185 0.2727 0.8683 0.2335 0.8840 0.1865 0.9263 0.1489 0.9969 0.0940 0.9984 0.0016 0.8777 0.0016 0.8793 0.0078 0.8824 0.0141 0.8840 0.0298 0.9216 0.0392 0.9232 0.0251 0.9326 0.0329 0.9357 0.0439 0.9232 0.0564 0.9389 0.0690 
2 0.6442 0.4420 0.6850 0.5235 0.7241 0.6207 0.7790 0.7367 0.8417 0.8903 0.8746 0.9608 0.8981 0.9545 0.8527 0.8511 0.7915 0.7163 0.7476 0.6129 0.7116 0.5141 0.6771 0.4310 
2 0.1583 0.9984 0.1677 0.9624 0.1708 0.9263 0.1834 0.8809 0.1928 0.8339 0.1975 0.7868 0.1975 0.7288 0.2147 0.7179 0.2398 0.7147 0.2806 0.7069 0.3166 0.7069 0.3386 0.7100 0.3652 0.7163 0.3809 0.7335 0.3981 0.7618 0.4154 0.7571 0.4044 0.7382 0.3997 0.7132 0.3809 0.6975 0.3339 0.6646 0.2806 0.6473 0.2382 0.6426 0.2743 0.5705 0.2962 0.5141 0.3229 0.4655 0.3103 0.4608 0.2853 0.5110 0.2539 0.5674 0.2273 0.6285 0.2147 0.6520 0.2288 0.6614 0.2618 0.6693 0.2978 0.6740 0.3370 0.6944 0.2947 0.6897 0.2382 0.6928 0.1928 0.7085 0.1834 0.7257 0.1818 0.7853 0.1724 0.8386 0.1614 0.8918 0.1505 0.9357 0.1442 0.9937 
2 0.4671 0.2351 0.4953 0.2414 0.5361 0.2445 0.5752 0.2414 0.5815 0.2351 0.5799 0.2241 0.5690 0.2085 0.5533 0.1881 0.5408 0.1740 0.5392 0.1630 0.5549 0.1505 0.5831 0.1223 0.6207 0.0925 0.6505 0.0580 0.6771 0.0298 0.6677 0.0157 0.6238 0.0627 0.5674 0.1223 0.5188 0.1677 0.5282 0.1944 0.5596 0.2241 0.5517 0.2288 0.5157 0.2304 0.4734 0.2132 
0 0.4122 0.6364 0.3981 0.6442 0.3793 0.6379 0.3793 0.6113 0.3871 0.5815 0.3950 0.5674 0.3966 0.5486 0.4060 0.5423 0.4169 0.5204 0.4232 0.5031 0.4248 0.4922 0.4279 0.4749 0.4373 0.4545 0.4436 0.4404 0.4483 0.4310 0.4561 0.4248 0.4639 0.4122 0.4734 0.3997 0.4671 0.3950 0.4843 0.3840 0.4984 0.3699 0.5172 0.3730 0.5235 0.3824 0.5125 0.3918 0.5063 0.4028 0.4984 0.4091 0.4922 0.4279 0.4828 0.4389 0.4687 0.4545 0.4687 0.4702 0.4671 0.4812 0.4561 0.4953 0.4498 0.5110 0.4483 0.5298 0.4420 0.5392 0.4373 0.5564 0.4310 0.5799 0.4263 0.6097 
0 0.3950 0.4154 0.4107 0.3981 0.4216 0.3871 0.4373 0.3793 0.4592 0.3762 0.4702 0.3730 0.4843 0.3730 0.5031 0.3715 0.5157 0.3715 0.5235 0.3762 0.5408 0.3793 0.5580 0.3809 0.5705 0.3856 0.5972 0.3966 0.6097 0.4028 0.6270 0.4060 0.6364 0.4138 0.6505 0.4248 0.6599 0.4342 0.6677 0.4342 0.6818 0.4295 0.6897 0.4201 0.6850 0.4138 0.6771 0.4075 0.6630 0.4060 0.6567 0.4013 0.6677 0.3950 0.6787 0.3903 0.6818 0.3887 0.6850 0.3824 0.6818 0.3762 0.6755 0.3746 0.6599 0.3777 0.6442 0.3840 0.6191 0.3762 0.6019 0.3746 0.5893 0.3699 0.5721 0.3636 0.5784 0.3589 0.5705 0.3527 0.5596 0.3511 0.5564 0.3527 0.5439 0.3480 0.5251 0.3495 0.5172 0.3495 0.5031 0.3511 0.4859 0.3464 0.4828 0.3495 0.4718 0.3464 0.4671 0.3464 0.4624 0.3480 0.4577 0.3527 0.4436 0.3558 0.4263 0.3621 0.4154 0.3699 0.3934 0.3934 0.3840 0.4122 0.3809 0.4232 
6 0.8480 0.0564 0.8041 0.0721 0.7727 0.0987 0.7288 0.1317 0.7116 0.1567 0.6991 0.1834 0.7132 0.1975 0.7461 0.1959 0.7461 0.2132 0.7429 0.2257 0.7241 0.2241 0.6975 0.2414 0.6975 0.2571 0.7053 0.2774 0.7147 0.2806 0.7273 0.3025 0.7414 0.3119 0.7602 0.3135 0.7304 0.3213 0.7602 0.3276 0.7696 0.3401 0.7476 0.3511 0.7320 0.3589 0.7351 0.3683 0.7069 0.3809 0.7038 0.4028 0.7241 0.4467 0.7367 0.4937 0.7759 0.5737 0.8213 0.6270 0.8668 0.6865 0.9122 0.7962 0.9420 0.8605 0.9875 0.9624 1.0000 0.9843 1.0000 0.6944 0.9342 0.5329 0.9373 0.5016 0.9138 0.4875 0.8966 0.4467 0.8966 0.4185 0.8699 0.3903 0.8558 0.3574 0.8589 0.3292 0.8589 0.3119 0.8480 0.2915 0.8323 0.2853 0.8386 0.2680 0.8213 0.2555 0.8229 0.2429 0.8182 0.2226 0.8166 0.2069 0.8072 0.1912 0.8088 0.1677 0.8041 0.1411 0.8323 0.1207 0.8433 0.0815 
4 0.3558 0.9969 0.3589 0.9561 0.3699 0.8934 0.3840 0.8292 0.3981 0.7618 0.4310 0.6850 0.4639 0.6113 0.4859 0.5533 0.5188 0.4843 0.5517 0.4389 0.5846 0.4044 0.6442 0.3511 0.7038 0.3009 0.7398 0.2759 0.8150 0.2398 0.8448 0.2116 0.8417 0.0799 0.7837 0.0925 0.6991 0.1426 0.6113 0.2069 0.5219 0.2853 0.4718 0.3323 0.4326 0.3934 0.3997 0.4561 0.3433 0.5502 0.3088 0.6348 0.2853 0.7382 0.2602 0.8370 0.2210 0.9984 
