3 0.0031 0.0016 0.0987 0.0643 0.2210 0.1489 0.4107 0.2649 0.5235 0.3417 0.5831 0.3809 0.6458 0.3981 0.9984 0.5940 1.0000 0.4639 0.8950 0.4107 0.8887 0.3950 0.7586 0.2335 0.7429 0.2116 0.5705 0.1191 0.5580 0.1066 0.5549 0.0987 0.5266 0.0909 0.5110 0.0909 0.4906 0.0972 0.4373 0.1160 0.4185 0.1191 0.4044 0.1160 0.3903 0.1066 0.3605 0.0831 0.3182 0.0455 0.3056 0.0345 0.2774 0.0282 0.2555 0.0188 0.2398 0.0110 0.2257 0.0016 
5 1.0000 0.0016 1.0000 0.4624 0.8966 0.4075 0.8918 0.3918 0.7429 0.2053 0.5705 0.1144 0.5580 0.1050 0.5564 0.0972 0.5172 0.0846 0.4263 0.1144 0.4075 0.1144 0.3025 0.0282 0.2351 0.0016 
0 0.2680 0.3417 0.3150 0.3652 0.3511 0.3918 0.3636 0.4044 0.3809 0.4060 0.3997 0.4169 0.4138 0.4263 0.4279 0.4436 0.4389 0.4561 0.4561 0.4702 0.4718 0.4890 0.4875 0.5110 0.5016 0.5204 0.5266 0.5502 0.5549 0.5878 0.5721 0.6160 0.5831 0.6395 0.5878 0.6536 0.5658 0.6614 0.5784 0.6724 0.5972 0.6708 0.6003 0.6912 0.6129 0.6818 0.6176 0.6708 0.6411 0.6489 0.6348 0.6473 0.6176 0.6520 0.6050 0.6426 0.6019 0.6348 0.5972 0.6191 0.5909 0.6082 0.5846 0.5987 0.5768 0.5862 0.5721 0.5768 0.5658 0.5674 0.5611 0.5580 0.5533 0.5486 0.5470 0.5423 0.5408 0.5313 0.5313 0.5204 0.5219 0.5094 0.5110 0.4984 0.5031 0.4828 0.4937 0.4687 0.4749 0.4498 0.4577 0.4357 0.4436 0.4248 0.4326 0.4122 0.4232 0.4075 0.4122 0.3966 0.3981 0.3871 0.3762 0.3793 0.3245 0.3480 0.2884 0.3307 0.2712 0.3292 
6 0.0016 0.6959 0.0502 0.6803 0.1317 0.6630 0.2320 0.6395 0.3621 0.6317 0.4216 0.6176 0.4655 0.6176 0.5188 0.6411 0.5376 0.6442 0.5627 0.6270 0.6176 0.6003 0.6207 0.5815 0.6411 0.5596 0.6834 0.5674 0.7022 0.5799 0.7288 0.5752 0.8245 0.5141 0.8699 0.5345 0.8887 0.6113 0.8527 0.6693 0.8668 0.6865 0.8605 0.7210 0.8495 0.7398 0.8260 0.7382 0.8150 0.7492 0.8025 0.7476 0.7962 0.7555 0.7790 0.7398 0.7712 0.7837 0.7492 0.7884 0.7429 0.7962 0.7116 0.7868 0.6740 0.7712 0.6567 0.7508 0.6144 0.7524 0.5125 0.7727 0.4577 0.7774 0.4295 0.7790 0.0940 0.8856 0.0000 0.9122 
2 0.1176 0.1426 0.1285 0.1708 0.1348 0.2038 0.1442 0.2492 0.1489 0.2868 0.1567 0.3009 0.1661 0.2837 0.1567 0.2335 0.1458 0.1724 0.1317 0.1332 
2 0.1677 0.1473 0.1724 0.1818 0.1724 0.2335 0.1693 0.2774 0.1505 0.3119 0.1426 0.3307 0.1567 0.3370 0.1803 0.2978 0.1959 0.2461 0.1975 0.1865 0.1928 0.1567 0.2445 0.1787 0.2978 0.2132 0.3448 0.2492 0.3558 0.2555 0.3401 0.3119 0.3260 0.3448 0.3197 0.3715 0.3370 0.3793 0.3683 0.3041 0.3824 0.2555 0.3480 0.2288 0.3025 0.2006 0.2665 0.1755 0.2179 0.1489 0.1834 0.1332 
2 0.4483 0.3025 0.4765 0.3229 0.5078 0.3495 0.5345 0.3730 0.5674 0.3950 0.5909 0.4107 0.5940 0.3903 0.4545 0.2915 
2 0.5956 0.4718 0.5972 0.4875 0.6395 0.4875 0.6991 0.5643 0.7132 0.5502 0.6473 0.4796 
1 0.5423 0.4608 0.5408 0.4734 0.5533 0.4828 0.5846 0.4906 0.5956 0.4875 0.5925 0.4671 
1 0.6426 0.4185 0.6567 0.4404 0.6379 0.4436 0.6348 0.4545 0.6364 0.4687 0.6708 0.5016 0.7069 0.5298 0.7414 0.5141 0.7962 0.5204 0.8009 0.5047 0.7743 0.4828 0.7210 0.4498 0.6708 0.4232 
1 0.0031 0.9169 0.0031 0.9765 0.1285 0.9138 0.1442 0.9404 0.3354 0.8997 0.5799 0.8495 0.6473 0.8276 0.6787 0.9185 0.7053 0.9969 0.7492 0.9969 0.7132 0.8966 0.6865 0.8103 0.6207 0.7931 0.3887 0.8339 0.3009 0.8339 0.1520 0.8746 
1 0.8370 0.9984 0.7727 0.9969 0.7680 0.8856 0.8182 0.8621 0.8966 0.8997 0.9953 0.9107 0.9984 0.9436 0.8934 0.9326 0.8605 0.9561 0.8401 0.9969 
1 0.9326 0.6019 0.9060 0.6176 0.8981 0.6473 0.8809 0.6332 0.8636 0.6552 0.8715 0.6803 0.8903 0.6928 0.8918 0.6614 0.8997 0.6724 0.9122 0.6881 0.8887 0.7194 0.9169 0.7273 0.9483 0.7633 0.9749 0.7743 0.9592 0.7978 0.9279 0.8041 0.8730 0.7555 0.8276 0.7633 0.8150 0.7994 0.8542 0.8182 0.8840 0.8197 0.8966 0.8542 0.9530 0.8934 0.9749 0.8809 0.9937 0.8542 0.9467 0.8260 0.9859 0.8150 0.9984 0.8072 0.9969 0.6975 0.9796 0.7069 0.9248 0.7085 0.9467 0.6630 0.9922 0.6865 0.9906 0.6583 0.9545 0.6583 0.9498 0.6160 
5 0.6975 0.9953 0.6411 0.8589 0.4420 0.9467 0.2100 0.9969 
1 0.0031 0.0361 0.0016 0.0768 0.0251 0.0956 0.0298 0.1129 0.0016 0.1050 0.0031 0.1473 0.0643 0.1646 0.0674 0.1348 0.1176 0.1332 0.1113 0.1207 0.0674 0.1176 0.0486 0.0940 0.0502 0.0580 
4 0.0016 0.3354 0.0486 0.3464 0.1317 0.3715 0.2085 0.4013 0.2806 0.4357 0.3448 0.4718 0.4028 0.5094 0.4498 0.5486 0.4812 0.5862 0.5047 0.6160 0.5439 0.6646 0.5690 0.7163 0.6097 0.7947 0.6928 0.8088 0.7320 0.9953 0.7774 0.9953 0.7915 0.9138 0.7712 0.8260 0.7382 0.7398 0.6850 0.6411 0.6442 0.5815 0.5799 0.5031 0.5141 0.4483 0.4592 0.3966 0.3903 0.3433 0.3213 0.3119 0.2618 0.2915 0.2053 0.2774 0.1254 0.2618 0.0470 0.2492 0.0031 0.2445 
