6 0.7132 0.9922 0.7038 0.9201 0.6599 0.8918 0.6599 0.8762 0.6818 0.8762 0.6646 0.8135 0.6646 0.6473 0.6458 0.5784 0.6740 0.5502 0.7006 0.4969 0.7445 0.4639 0.7414 0.3903 0.7915 0.3464 0.8386 0.2429 0.9122 0.1176 0.9969 0.0549 0.9404 0.1865 0.8339 0.3119 0.8511 0.3354 0.8464 0.3699 0.8495 0.3966 0.8229 0.4216 0.8088 0.4561 0.8088 0.4890 0.8448 0.5219 0.8417 0.5846 0.8197 0.5893 0.8339 0.6285 0.8276 0.7226 0.8636 0.8621 0.8903 0.9984 
3 0.0016 0.4969 0.0376 0.4781 0.0611 0.4436 0.2053 0.3824 0.2132 0.3668 0.1991 0.2743 0.2194 0.2414 0.2492 0.2367 0.2931 0.2116 0.4154 0.1207 0.4373 0.1113 0.4467 0.1082 0.4624 0.1082 0.4687 0.1301 0.4843 0.1881 0.4906 0.2006 0.5063 0.2006 0.5329 0.1959 0.5455 0.1881 0.8103 0.0000 0.9984 0.0000 0.9984 0.0549 0.6552 0.2743 0.6066 0.3119 0.5455 0.3558 0.4483 0.4122 0.2806 0.5094 0.0439 0.6364 0.0016 0.6536 
5 0.0016 0.0016 0.8041 0.0016 0.7759 0.0204 0.4248 0.1129 0.2618 0.2273 0.2147 0.2398 0.1317 0.4107 0.0549 0.4436 0.0361 0.4781 0.0016 0.4937 
1 0.9138 0.9922 0.9295 0.8918 0.8715 0.6975 0.8840 0.5909 0.8762 0.5313 0.9530 0.4436 0.9969 0.4404 0.9922 0.3715 0.9138 0.3276 0.8621 0.3339 0.8730 0.3715 0.9107 0.3966 0.9044 0.4263 0.8229 0.4843 0.8386 0.5643 0.8370 0.6411 0.8339 0.7273 0.8683 0.8683 0.8793 0.9937 
1 0.7414 0.2555 0.7147 0.2712 0.7320 0.3386 0.7931 0.3370 0.9122 0.1129 0.7414 0.2241 
1 0.9969 0.3166 1.0000 0.2712 0.9263 0.2790 0.9138 0.3088 0.9671 0.3370 
1 0.9969 0.1693 0.9969 0.0846 0.9577 0.1803 
2 0.0016 0.7853 0.0846 0.7163 0.2116 0.6066 0.2539 0.5596 0.2367 0.5470 0.1803 0.6066 0.0815 0.6928 0.0016 0.7539 
2 0.2962 0.5282 0.4639 0.4498 0.6395 0.3793 0.7414 0.3401 0.7288 0.3292 0.5376 0.4060 0.3793 0.4718 0.3009 0.5110 
0 0.3527 0.5392 0.3605 0.5533 0.3871 0.5470 0.4154 0.5313 0.4404 0.5219 0.4577 0.5204 0.4734 0.5298 0.4875 0.5313 0.5063 0.5329 0.5204 0.5439 0.5376 0.5564 0.5564 0.5564 0.5658 0.5533 0.5674 0.5408 0.5627 0.5282 0.5408 0.5063 0.5204 0.4937 0.4922 0.4859 0.4514 0.4937 0.4044 0.5031 0.3652 0.5235 
0 0.4655 0.4734 0.4875 0.4687 0.5282 0.4608 0.5658 0.4514 0.5909 0.4404 0.6144 0.4420 0.6630 0.4357 0.7038 0.4295 0.7210 0.4232 0.7382 0.4248 0.7571 0.4326 0.7712 0.4404 0.7743 0.4498 0.7696 0.4577 0.7571 0.4608 0.7288 0.4545 0.7053 0.4530 0.6505 0.4624 0.5972 0.4687 0.5611 0.4718 0.5125 0.4812 0.4749 0.4906 0.4545 0.4906 0.4514 0.4812 
4 0.7696 0.4953 0.7335 0.4922 0.6944 0.4906 0.6614 0.4969 0.6050 0.5125 0.5502 0.5376 0.4937 0.5658 0.4404 0.6050 0.3824 0.6473 0.3354 0.6865 0.2680 0.7429 0.1991 0.8103 0.1395 0.8918 0.0784 0.9514 0.0502 0.9984 0.0000 0.9969 0.0016 0.8417 0.0611 0.7727 0.1364 0.7006 0.2320 0.6238 0.3464 0.5408 0.4796 0.4749 0.6207 0.4060 0.7006 0.3809 0.7696 0.3715 
5 0.9953 0.4608 0.9467 0.4718 0.8840 0.5361 0.8918 0.6285 0.9075 0.6567 0.8950 0.7398 0.9342 0.7602 0.9404 0.8197 0.9342 0.8918 0.9389 0.9561 0.9232 0.9969 0.9969 0.9953 
