0 0.5204 0.4624 0.5266 0.4577 0.5345 0.4420 0.5580 0.4326 0.5721 0.4357 0.6003 0.4420 0.6238 0.4310 0.6066 0.4154 0.5925 0.4248 0.5752 0.4232 0.5878 0.3997 0.6034 0.3856 0.6442 0.3730 0.6646 0.3652 0.6693 0.3558 0.6975 0.3511 0.7069 0.3448 0.7100 0.3370 0.7163 0.3292 0.7069 0.3245 0.6865 0.3245 0.6693 0.3307 0.6646 0.3276 0.6505 0.3339 0.6411 0.3370 0.6254 0.3433 0.6050 0.3495 0.5878 0.3558 0.5768 0.3699 0.5658 0.3824 0.5580 0.3824 0.5219 0.4216 0.5125 0.4404 0.5031 0.4530 
2 0.5627 0.5125 0.6223 0.4781 0.6818 0.4624 0.7257 0.4577 0.7555 0.4561 0.7915 0.6395 0.8213 0.7445 0.8464 0.8574 0.8715 0.9624 0.8777 0.9984 0.8981 0.9984 0.8245 0.6755 0.7978 0.5580 0.7759 0.4467 0.7633 0.4310 0.7288 0.4342 0.6505 0.4467 0.5956 0.4608 0.5517 0.4859 0.5376 0.5078 
4 0.2210 0.5282 0.2100 0.5784 0.2006 0.6254 0.1975 0.6708 0.1975 0.7194 0.1991 0.7429 0.2053 0.7978 0.2147 0.8605 0.2351 0.9044 0.2633 0.9592 0.2915 0.9953 0.2680 0.9984 0.2367 0.9483 0.2116 0.8997 0.1944 0.8511 0.1834 0.7821 0.1771 0.7210 0.1771 0.6583 0.1865 0.5862 0.2038 0.5219 
2 0.3871 0.3182 0.3840 0.3323 0.4091 0.3292 0.4389 0.3245 0.4875 0.3119 0.5251 0.3041 0.5831 0.2962 0.6317 0.2900 0.6834 0.2900 0.7712 0.2853 0.8103 0.2884 0.8605 0.2962 0.9279 0.3135 0.9969 0.3292 0.9984 0.3150 0.9592 0.3056 0.8934 0.2915 0.8276 0.2774 0.7524 0.2696 0.6912 0.2712 0.6144 0.2774 0.5282 0.2900 0.4624 0.3009 
3 0.0000 0.2006 0.5893 0.1865 0.6285 0.1991 0.6959 0.2053 0.7900 0.2053 0.9248 0.1991 0.9984 0.1991 0.9984 0.0000 0.6755 0.0078 0.6442 0.0188 0.4404 0.0235 0.4279 0.0282 0.4248 0.0345 0.4248 0.0423 0.4404 0.0799 0.4420 0.0925 0.4263 0.0987 0.4138 0.1019 0.3746 0.1066 0.2743 0.1129 0.0000 0.1176 
0 0.2351 0.4216 0.2085 0.4530 0.1959 0.4655 0.1912 0.4828 0.1928 0.4984 0.2179 0.4984 0.2022 0.5094 0.2053 0.5188 0.2304 0.5235 0.2414 0.5141 0.2524 0.5141 0.2665 0.5125 0.2759 0.4984 0.2900 0.4875 0.3025 0.4781 0.3119 0.4655 0.3197 0.4561 0.3119 0.4451 0.3056 0.4342 0.3025 0.4248 0.2884 0.4248 0.2774 0.4201 0.2821 0.4107 0.2837 0.3934 0.2947 0.3746 0.3150 0.3715 0.3339 0.3683 0.3417 0.3605 0.3589 0.3558 0.3699 0.3370 0.3793 0.3260 0.3997 0.3182 0.4075 0.3041 0.4091 0.2947 0.4201 0.2884 0.4201 0.2806 0.4310 0.2743 0.4357 0.2649 0.4373 0.2524 0.4530 0.1850 0.4342 0.1818 0.4154 0.1834 0.4013 0.1928 0.3918 0.2273 0.3824 0.2618 0.3699 0.2727 0.3401 0.2978 0.3150 0.3213 0.2931 0.3480 0.2696 0.3809 0.2680 0.3887 0.2555 0.4138 
6 0.3433 0.4373 0.3903 0.4436 0.4185 0.4530 0.4687 0.4561 0.5000 0.4655 0.5172 0.4749 0.5313 0.4875 0.5408 0.5031 0.5455 0.5219 0.5533 0.5251 0.6082 0.4875 0.6630 0.4702 0.7132 0.4624 0.7461 0.4608 0.7555 0.4655 0.7680 0.5470 0.8041 0.6787 0.8386 0.8260 0.8762 0.9984 0.5846 0.9984 0.4718 0.9984 0.4530 0.8856 0.4138 0.6803 0.3871 0.6097 0.3589 0.5815 0.3433 0.5408 0.3197 0.5157 0.2931 0.5031 0.2743 0.4937 0.2649 0.4702 0.2743 0.4514 0.2868 0.4310 0.2618 0.4185 0.2085 0.3934 0.0987 0.3182 0.0799 0.2978 0.0549 0.2837 0.0000 0.2476 0.0016 0.2022 0.0313 0.2006 0.1458 0.2868 0.2618 0.3605 0.3229 0.4028 
0 0.3370 0.6473 0.3245 0.6693 0.3182 0.6881 0.3119 0.7069 0.3119 0.7320 0.3135 0.7633 0.3150 0.7915 0.3197 0.8229 0.3072 0.8323 0.2962 0.8323 0.2900 0.8229 0.2790 0.7947 0.2712 0.7571 0.2696 0.7053 0.2790 0.6771 0.2947 0.6442 0.3213 0.6097 0.3417 0.5846 0.3511 0.5815 0.3636 0.5799 0.3746 0.5846 0.3809 0.5956 0.3777 0.6066 0.3668 0.6223 0.3527 0.6348 
1 0.3809 0.9953 0.3621 0.9671 0.3574 0.9530 0.3495 0.9248 0.3433 0.8777 0.3495 0.8072 0.3621 0.7524 0.3840 0.7555 0.3966 0.7618 0.4122 0.7947 0.4091 0.8197 0.3934 0.8464 0.3903 0.8762 0.3950 0.9075 0.4107 0.9702 0.4169 0.9984 
8 0.9953 0.8730 0.9451 0.8636 0.8966 0.8605 0.8119 0.8668 0.7429 0.8762 0.7053 0.8903 0.7038 0.8699 0.7351 0.8574 0.8041 0.8417 0.8762 0.8370 0.9232 0.8386 0.9749 0.8417 0.9984 0.8511 
1 0.0016 0.0016 0.0016 0.1129 0.2962 0.1097 0.4357 0.0204 0.5063 0.0188 0.4749 0.0000 
5 0.6693 0.0031 0.6442 0.0141 0.5063 0.0172 0.4828 0.0016 
4 0.9984 0.4859 0.9201 0.4624 0.8605 0.4498 0.7837 0.4420 0.7163 0.4498 0.6223 0.4718 0.5690 0.4953 0.5031 0.5361 0.4342 0.5925 0.4169 0.6050 0.3746 0.6583 0.3511 0.6944 0.3370 0.7633 0.3370 0.8323 0.3401 0.8856 0.3527 0.9404 0.3824 0.9969 0.3197 0.9984 0.2618 0.9028 0.2367 0.8323 0.2273 0.7602 0.2273 0.6944 0.2367 0.6426 0.2555 0.5846 0.2884 0.5282 0.3103 0.5000 0.3448 0.4687 0.3997 0.4279 0.4498 0.3981 0.5204 0.3699 0.6129 0.3433 0.7288 0.3323 0.7759 0.3370 0.8668 0.3480 0.9389 0.3589 0.9984 0.3715 
