0 0.3448 0.3777 0.3730 0.3777 0.3918 0.3777 0.4201 0.3809 0.4404 0.3793 0.4530 0.3856 0.4624 0.3997 0.4796 0.4185 0.4937 0.4279 0.5078 0.4310 0.5188 0.4248 0.5157 0.4122 0.5031 0.3887 0.4781 0.3636 0.4498 0.3558 0.4185 0.3495 0.3887 0.3464 0.3574 0.3433 0.3433 0.3480 0.3323 0.3589 0.3292 0.3683 
2 0.6223 0.2649 0.6787 0.2712 0.6897 0.2586 0.7069 0.2555 0.8229 0.0016 0.8386 0.0000 0.7194 0.2696 0.7006 0.2727 0.6897 0.2900 0.6160 0.2931 
2 0.6160 0.4060 0.6223 0.3605 0.6317 0.3323 0.6426 0.3197 0.6693 0.3307 0.6944 0.3464 0.7038 0.3464 0.7100 0.3339 0.7210 0.3182 0.7476 0.3292 0.7774 0.3480 0.8041 0.3683 0.8088 0.3495 0.7790 0.3307 0.7320 0.3041 0.7132 0.2994 0.7038 0.3088 0.6912 0.3213 0.6661 0.3135 0.6411 0.3056 0.6254 0.3119 0.6066 0.3495 0.6003 0.4013 
2 0.2147 0.4530 0.2100 0.4185 0.2100 0.4028 0.2241 0.3777 0.2492 0.3652 0.2900 0.3480 0.3401 0.3307 0.4075 0.3119 0.4843 0.2931 0.4906 0.2868 0.4906 0.2774 0.4875 0.2743 0.4624 0.2743 0.4075 0.2837 0.3433 0.3056 0.2743 0.3307 0.2100 0.3589 0.1928 0.3762 0.1740 0.3840 0.1912 0.4279 0.1959 0.4467 
2 0.1317 0.3981 0.1097 0.4248 0.0643 0.4592 0.0016 0.5235 0.0016 0.5611 0.0784 0.4875 0.1207 0.4420 0.1489 0.4075 
1 0.0846 0.6552 0.2618 0.6348 0.2116 0.6567 0.2476 0.6755 0.2508 0.6959 0.2163 0.7100 0.2398 0.7335 0.2163 0.7492 0.2006 0.7712 0.1928 0.7853 0.2210 0.8245 0.2132 0.8574 0.2241 0.8699 0.2053 0.8934 0.2179 0.9357 0.1928 0.9577 0.1944 0.9859 0.2100 0.9984 0.2649 0.9984 0.2492 0.9796 0.2555 0.9561 0.2665 0.9357 0.2461 0.9185 0.2367 0.9013 0.2618 0.8981 0.2649 0.8762 0.2524 0.8668 0.2680 0.8558 0.2398 0.8386 0.2524 0.8292 0.2398 0.8135 0.2586 0.8009 0.2524 0.7915 0.2618 0.7821 0.2555 0.7649 0.2727 0.7414 0.2586 0.7069 0.2868 0.6834 0.2618 0.6599 0.2743 0.6364 0.2539 0.6034 0.2492 0.5533 0.1944 0.5564 0.1332 0.6066 0.0925 0.6379 
1 0.6003 0.0016 0.4404 0.1050 0.3292 0.1755 0.3150 0.1677 0.3777 0.1034 0.4687 0.0439 0.4765 0.0000 
1 0.0110 0.1897 0.0016 0.2116 0.0016 0.3245 0.0611 0.2508 0.0690 0.1724 0.0329 0.1708 
6 0.5721 0.2461 0.5345 0.2759 0.5345 0.2962 0.4812 0.3339 0.4812 0.3542 0.5125 0.3840 0.5188 0.4060 0.5219 0.4263 0.5063 0.4389 0.4687 0.4389 0.4530 0.4514 0.4467 0.4687 0.4592 0.4937 0.4671 0.5125 0.4702 0.5721 0.4702 0.7257 0.4718 0.9875 0.7633 0.9937 0.7257 0.6019 0.7163 0.5439 0.6724 0.4969 0.6332 0.4687 0.6160 0.4577 0.6238 0.4561 0.6332 0.4530 0.6411 0.4561 0.6458 0.4467 0.6254 0.4420 0.6223 0.4248 0.6176 0.4122 0.6066 0.3339 0.6238 0.2962 
2 0.4404 0.4922 0.4436 0.5486 0.4467 0.6254 0.4498 0.7476 0.4514 0.9984 0.4655 0.9984 0.4608 0.6755 0.4498 0.4953 
5 0.9969 0.9953 0.9984 0.7555 0.9263 0.9969 
5 0.0016 0.9984 0.0016 0.7006 0.0408 0.6850 0.0846 0.6552 0.2445 0.6395 0.2069 0.6567 0.2445 0.6771 0.2492 0.6928 0.2085 0.7069 0.2320 0.7320 0.1991 0.7633 0.1865 0.7884 0.2179 0.8276 0.2116 0.8605 0.2194 0.8683 0.1991 0.8981 0.2116 0.9357 0.1865 0.9592 0.1897 0.9922 0.1991 0.9984 
5 0.0016 0.0016 0.4718 0.0016 0.4655 0.0329 0.4389 0.0423 0.3213 0.1552 0.2774 0.1332 0.2900 0.1129 0.3025 0.0455 0.2382 0.0486 0.1803 0.0893 0.2053 0.1332 0.2320 0.1411 0.2868 0.1458 0.2194 0.1505 0.2085 0.1661 0.1301 0.1803 0.1270 0.1677 0.1442 0.1458 0.1019 0.1458 0.0611 0.1677 0.0047 0.1959 
5 0.0016 0.4091 0.2962 0.2273 0.2335 0.2210 0.2069 0.2508 0.1489 0.2633 0.1646 0.2398 0.2226 0.2257 0.2367 0.2085 0.2962 0.2132 0.2994 0.2022 0.2179 0.1787 0.0705 0.2100 0.0690 0.2555 0.0016 0.3323 
4 0.8245 0.7132 0.8339 0.6771 0.8386 0.6317 0.8260 0.5815 0.7947 0.5345 0.7241 0.4702 0.6442 0.4404 0.5376 0.4310 0.4561 0.4342 0.3401 0.4592 0.2633 0.5094 0.2022 0.5533 0.1364 0.6019 0.0737 0.6536 0.0078 0.6944 0.0063 0.5690 0.1207 0.4828 0.1771 0.4404 0.2649 0.3840 0.3166 0.3542 0.3762 0.3260 0.4420 0.3119 0.4906 0.3025 0.5408 0.3025 0.6082 0.3119 0.6567 0.3323 0.6975 0.3527 0.7461 0.3824 0.7931 0.4154 0.8197 0.4530 0.8354 0.4890 0.8464 0.5408 0.8542 0.6129 0.8464 0.6661 0.8323 0.7226 
