1 0.0063 0.1160 0.0737 0.1332 0.1003 0.1818 0.1614 0.2053 0.2132 0.2351 0.1599 0.2696 0.1411 0.2900 0.1411 0.3103 0.2053 0.2539 0.2241 0.2759 0.2602 0.2476 0.3370 0.2069 0.4185 0.1850 0.5094 0.1897 0.5219 0.2038 0.5846 0.2288 0.6285 0.2649 0.6818 0.3150 0.6740 0.2602 0.7194 0.2335 0.7335 0.2524 0.7492 0.2429 0.7273 0.2163 0.7069 0.2022 0.6458 0.1991 0.6379 0.1771 0.6708 0.1740 0.7680 0.1850 0.7696 0.2194 0.7931 0.2163 0.7727 0.2367 0.7947 0.2853 0.7727 0.3119 0.7602 0.2602 0.7461 0.2665 0.7429 0.3950 0.7241 0.3966 0.6850 0.3527 0.6364 0.3056 0.5846 0.2586 0.5298 0.2304 0.5047 0.2163 0.4937 0.2085 0.4201 0.2116 0.3448 0.2273 0.2915 0.2492 0.2226 0.2978 0.1552 0.3668 0.0987 0.4185 0.0000 0.4342 
1 0.8433 0.3511 0.8213 0.4013 0.8150 0.4232 0.7884 0.4639 0.8135 0.5125 0.8229 0.5235 0.8197 0.5580 0.8088 0.5643 0.8433 0.5674 0.8417 0.5157 0.8527 0.4734 0.8699 0.4592 0.8668 0.4875 0.8809 0.4859 0.8887 0.5110 0.9404 0.5188 0.9436 0.4984 0.9639 0.5031 0.9561 0.4781 0.9060 0.4639 0.8856 0.4295 0.8871 0.3950 0.9342 0.4122 0.9420 0.3652 0.9201 0.3574 0.9091 0.3260 0.8715 0.2931 0.8605 0.3119 0.8918 0.3605 0.8824 0.3652 0.8668 0.3777 
1 0.8433 0.5909 0.8856 0.6755 0.9044 0.6567 0.9122 0.6850 0.9404 0.6881 0.9687 0.6897 0.9687 0.5956 0.9530 0.5784 0.9357 0.6034 0.9279 0.6348 0.9138 0.6270 0.9075 0.6034 0.8981 0.6191 0.8856 0.6113 0.8762 0.5831 
7 0.4906 0.4671 0.4984 0.4843 0.4953 0.5125 0.5031 0.5408 0.5282 0.5517 0.5596 0.5564 0.5878 0.5580 0.5815 0.5298 0.5423 0.4812 0.5016 0.4530 
0 0.3824 0.2853 0.3966 0.3009 0.4185 0.3229 0.4342 0.3433 0.4420 0.3668 0.4342 0.3887 0.4310 0.4122 0.4138 0.4201 0.3997 0.4263 0.3777 0.4342 0.3699 0.4483 0.3762 0.4592 0.3950 0.4624 0.4122 0.4671 0.4263 0.4592 0.4279 0.4436 0.4342 0.4373 0.4530 0.4342 0.4671 0.4232 0.4781 0.4091 0.4718 0.3981 0.4781 0.3856 0.4734 0.3511 0.4671 0.3417 0.4404 0.3072 0.3997 0.2806 0.3809 0.2806 
0 0.4969 0.2320 0.5094 0.2524 0.5282 0.2649 0.5376 0.2837 0.5408 0.2837 0.5533 0.2947 0.5643 0.3119 0.5799 0.3323 0.5925 0.3621 0.6050 0.3809 0.6160 0.4075 0.6301 0.4357 0.6332 0.4624 0.6348 0.4828 0.6411 0.4937 0.6567 0.4937 0.6693 0.4843 0.6724 0.4687 0.6630 0.4389 0.6552 0.4185 0.6614 0.4044 0.6520 0.3918 0.6395 0.3683 0.6144 0.3323 0.5799 0.2884 0.5455 0.2586 0.5204 0.2351 0.4984 0.2241 
6 0.6113 0.4937 0.5909 0.5094 0.5768 0.5282 0.5862 0.5611 0.6019 0.5752 0.6285 0.5721 0.6567 0.5564 0.6740 0.5345 0.6803 0.5188 0.7038 0.5047 0.7445 0.4687 0.7665 0.4357 0.7665 0.3950 0.7586 0.3966 0.7508 0.4263 0.7194 0.4608 0.7022 0.4687 0.6740 0.4749 0.6693 0.4859 0.6567 0.4969 0.6411 0.4969 0.6285 0.4890 
1 0.0815 0.9922 0.2367 0.9201 0.3605 0.9577 0.3918 0.9185 0.3809 0.8997 0.4138 0.8699 0.4420 0.8730 0.4467 0.8997 0.4561 0.9154 0.5266 0.8448 0.5799 0.7978 0.5956 0.8495 0.6113 0.7915 0.6411 0.7884 0.6944 0.7884 0.7539 0.8370 0.7790 0.8997 0.7994 0.9984 
6 0.0063 0.6708 0.1019 0.6630 0.2069 0.6442 0.3072 0.6238 0.4091 0.6160 0.4765 0.6003 0.5188 0.5831 0.5125 0.5580 0.5000 0.5502 0.4404 0.5517 0.3605 0.5674 0.2947 0.5784 0.2351 0.5815 0.1489 0.5987 0.0549 0.6066 0.0063 0.6097 
2 0.8856 0.6834 0.8966 0.7100 0.9107 0.7508 0.9232 0.7947 0.9389 0.8464 0.9514 0.8981 0.9608 0.9420 0.9687 0.9984 0.9796 0.9984 0.9702 0.9514 0.9592 0.8997 0.9483 0.8464 0.9357 0.7978 0.9216 0.7571 0.9075 0.7085 0.8966 0.6755 
3 1.0000 0.1975 0.6442 0.1724 0.5893 0.1803 0.4906 0.1740 0.4044 0.1630 0.2555 0.1489 0.1426 0.1332 0.0266 0.1207 0.0000 0.1144 0.0000 0.0705 0.0533 0.0658 0.1034 0.0752 0.1223 0.0815 0.2100 0.0909 0.2461 0.0972 0.3950 0.1176 0.4232 0.1207 0.4577 0.1207 0.5204 0.1317 0.5690 0.1285 0.6740 0.1191 0.6959 0.1207 0.7163 0.1238 0.7837 0.1285 0.8480 0.1332 0.8793 0.1614 0.9577 0.1661 0.9984 0.1677 
4 0.2210 0.4075 0.2649 0.4044 0.2915 0.4028 0.3197 0.3934 0.3668 0.3871 0.4060 0.3918 0.4514 0.4028 0.4859 0.4154 0.5313 0.4420 0.5627 0.4687 0.6113 0.5188 0.6520 0.5737 0.6959 0.6442 0.7398 0.7382 0.7900 0.8433 0.8260 0.9545 0.8354 1.0000 0.9483 0.9984 0.9169 0.9028 0.8903 0.8150 0.8605 0.7335 0.8276 0.6473 0.7868 0.5596 0.7476 0.4890 0.6897 0.4169 0.6317 0.3730 0.5705 0.3448 0.5204 0.3292 0.4671 0.3197 0.3997 0.3150 0.3464 0.3307 0.2900 0.3558 0.2398 0.3887 
2 0.0016 0.5282 0.0940 0.5188 0.1928 0.5078 0.3323 0.4922 0.4185 0.4796 0.4859 0.4702 0.4875 0.4561 0.4639 0.4561 0.3433 0.4718 0.2382 0.4843 0.0799 0.5031 0.0000 0.5110 
5 0.0047 0.0596 0.0580 0.0549 0.4013 0.1082 0.5000 0.1160 0.5313 0.1238 0.6912 0.1113 0.8511 0.1270 0.8856 0.1567 0.9953 0.1599 0.9984 0.0031 0.0031 0.0047 
