0 0.2680 0.1912 0.2994 0.2210 0.3182 0.2508 0.3417 0.2931 0.3542 0.3386 0.3621 0.3574 0.3621 0.3840 0.3636 0.4044 0.3542 0.4514 0.3574 0.4687 0.3605 0.4890 0.3370 0.5329 0.3339 0.5533 0.3574 0.5611 0.3809 0.5235 0.3981 0.4859 0.3840 0.4483 0.3824 0.4357 0.3903 0.3918 0.3887 0.3558 0.3793 0.3119 0.3636 0.2806 0.3464 0.2414 0.3323 0.2210 0.3009 0.2006 0.2900 0.1928 0.2821 0.1897 
0 0.4718 0.2978 0.4796 0.3245 0.4953 0.3777 0.5094 0.3966 0.5204 0.4404 0.5329 0.4718 0.5345 0.5251 0.5329 0.5909 0.5204 0.6285 0.5172 0.6395 0.5329 0.6348 0.5533 0.6176 0.5674 0.5925 0.5674 0.5674 0.5737 0.5455 0.5752 0.5157 0.5690 0.4875 0.5392 0.4091 0.4875 0.2978 0.4718 0.2931 
6 0.4984 0.6364 0.4765 0.6536 0.4577 0.6771 0.4624 0.7022 0.4765 0.7257 0.4969 0.7241 0.5266 0.7163 0.5392 0.6991 0.5878 0.6818 0.6614 0.6708 0.7006 0.6677 0.6944 0.6520 0.6583 0.6505 0.5925 0.6458 0.5564 0.6458 0.5219 0.6411 
7 0.4091 0.5643 0.4169 0.5972 0.3981 0.6411 0.4075 0.6771 0.4295 0.6944 0.4483 0.6912 0.4483 0.6614 0.4467 0.5909 0.4342 0.5643 
6 0.0016 0.6850 0.1536 0.6740 0.2900 0.6646 0.3103 0.6959 0.4013 0.6991 0.3981 0.7367 0.2508 0.7367 0.0564 0.7476 0.0047 0.7508 
3 0.2147 0.0016 0.3605 0.1379 0.4781 0.2476 0.5831 0.3307 0.6442 0.3793 0.6928 0.4060 1.0000 0.6583 0.9984 0.5423 0.8871 0.4545 0.8119 0.2915 0.8009 0.2743 0.6442 0.1520 0.6395 0.1458 0.6348 0.1332 0.6191 0.1176 0.5878 0.1082 0.5627 0.1082 0.5110 0.1113 0.4953 0.1066 0.4749 0.0987 0.4561 0.0752 0.3903 0.0016 
1 0.0016 0.9671 0.0502 0.9530 0.0815 0.8840 0.1238 0.8793 0.1442 0.9232 0.1599 0.9091 0.2116 0.9671 0.2743 0.9483 0.3088 0.9373 0.3354 0.8589 0.3777 0.8621 0.3856 0.8730 0.4060 0.8511 0.4389 0.8668 0.4248 0.8840 0.4451 0.8840 0.4530 0.9107 0.4796 0.9091 0.4765 0.9953 0.0016 0.9953 
1 0.2006 0.9044 0.2320 0.9342 0.2759 0.9342 0.3072 0.9122 0.2947 0.8918 0.2492 0.8777 0.2210 0.8840 
1 0.0016 0.0141 0.0658 0.0345 0.0627 0.0204 0.0031 0.0000 
1 0.0784 0.0423 0.1646 0.0721 0.2288 0.1019 0.2680 0.1223 0.3386 0.1708 0.4514 0.2539 0.4922 0.2853 0.5078 0.2774 0.4420 0.2226 0.4075 0.1818 0.3934 0.1693 0.3793 0.1803 0.3197 0.1395 0.3370 0.1191 0.2837 0.0674 0.2649 0.0674 0.2602 0.0862 0.2476 0.0768 0.2335 0.0878 0.1959 0.0705 0.2022 0.0596 0.1912 0.0502 0.1693 0.0235 0.1395 0.0110 0.1348 0.0157 0.1411 0.0251 0.1630 0.0361 0.1583 0.0455 0.1583 0.0549 0.0784 0.0282 
1 0.0674 0.0470 0.0486 0.0596 0.0533 0.0784 0.0643 0.0674 0.0799 0.0690 0.0909 0.0721 0.0956 0.0909 0.1050 0.0878 0.1019 0.0752 0.1129 0.0721 0.1113 0.0690 0.0972 0.0705 0.0909 0.0564 
1 0.4984 0.2978 0.5094 0.3386 0.5674 0.4765 0.6144 0.5235 0.6191 0.5846 0.6426 0.6113 0.6630 0.6129 0.6881 0.6473 0.7226 0.6458 0.6944 0.6191 0.7257 0.6050 0.7069 0.5846 0.7335 0.5815 0.7273 0.5956 0.7539 0.5987 0.7633 0.5987 0.7649 0.6113 0.7915 0.6144 0.7962 0.6411 0.8197 0.6458 0.8386 0.6254 0.9483 0.6223 0.6912 0.4091 0.6364 0.3762 0.5893 0.3417 0.5329 0.2962 0.5016 0.2900 
1 0.7006 0.6552 0.7226 0.6505 0.7414 0.6567 0.7273 0.6771 0.7288 0.6865 0.8197 0.6834 0.8746 0.6771 0.8887 0.6834 0.8997 0.6740 1.0000 0.6771 1.0000 1.0000 0.6520 0.9984 0.6803 0.8777 0.6850 0.8354 0.6536 0.8135 0.6599 0.7978 0.6755 0.7868 0.6520 0.7712 0.6677 0.7351 0.6771 0.6834 0.6991 0.6677 
1 0.8527 0.6505 0.8997 0.6458 0.9608 0.6348 0.9734 0.6661 0.9624 0.6630 0.9498 0.6505 0.9295 0.6583 0.8527 0.6614 
4 0.0000 0.2210 0.0172 0.2273 0.0470 0.2429 0.0690 0.2508 0.1097 0.2712 0.1364 0.2853 0.1755 0.3072 0.2006 0.3197 0.2398 0.3448 0.2743 0.3652 0.3150 0.3918 0.3495 0.4169 0.3746 0.4420 0.4138 0.4859 0.4530 0.5408 0.4734 0.5925 0.4890 0.6348 0.5078 0.7429 0.5125 0.7884 0.5078 0.8511 0.5047 0.8950 0.4671 0.9969 0.6379 0.9969 0.6473 0.8887 0.6473 0.8025 0.6458 0.7022 0.6270 0.5956 0.6003 0.5157 0.5580 0.4436 0.4702 0.3417 0.3856 0.2727 0.3605 0.2571 0.2821 0.2163 0.2273 0.1881 0.1850 0.1708 0.1285 0.1567 0.0784 0.1364 0.0408 0.1270 0.0000 0.1144 
2 0.0016 0.5611 0.3887 0.5643 0.3887 0.5752 0.0016 0.5799 
5 0.3950 0.0031 0.4796 0.0956 0.5251 0.1050 0.5909 0.1019 0.6285 0.1144 0.6473 0.1442 0.8150 0.2759 0.8903 0.4483 0.9969 0.5298 0.9969 0.0016 
