3 0.0016 0.3103 0.0925 0.3150 0.2116 0.3150 0.3260 0.3150 0.4687 0.3150 0.6348 0.3135 0.6755 0.3119 0.7414 0.3056 0.8276 0.2884 0.9984 0.2837 0.9984 0.2100 0.8041 0.2210 0.7100 0.1646 0.6912 0.1599 0.6755 0.1567 0.4781 0.1708 0.4545 0.1677 0.4420 0.1646 0.4389 0.1630 0.3997 0.1724 0.3605 0.2194 0.3464 0.2241 0.3323 0.2257 0.3041 0.2241 0.2821 0.2194 0.2006 0.2147 0.1614 0.2241 0.1019 0.2241 0.0000 0.2210 
5 0.0000 0.0000 0.9984 0.0016 0.9984 0.2085 0.8041 0.2179 0.6944 0.1552 0.4734 0.1693 0.4342 0.1583 0.3950 0.1708 0.3558 0.2194 0.3370 0.2210 0.1912 0.2116 0.1630 0.2210 0.0016 0.2179 
6 0.2915 0.9859 0.3480 0.9326 0.4530 0.8182 0.4953 0.7492 0.5533 0.6881 0.6003 0.6505 0.6066 0.6129 0.6630 0.5737 0.7163 0.6066 0.7571 0.6254 0.7571 0.5940 0.7618 0.5439 0.8025 0.4843 0.8981 0.3997 0.9922 0.3197 0.9984 0.3150 0.9984 0.5502 0.9185 0.5549 0.8856 0.5799 0.9342 0.6097 0.9624 0.6536 0.8636 0.6254 0.8464 0.6317 0.7821 0.6599 0.7837 0.7038 0.8009 0.7194 0.7978 0.7445 0.7696 0.7727 0.7414 0.7539 0.6646 0.8041 0.6129 0.8542 0.5690 0.9185 0.4906 0.9984 0.3056 1.0000 
0 0.2147 0.5047 0.2320 0.4984 0.2868 0.4906 0.3025 0.4843 0.3464 0.4765 0.3809 0.4624 0.4075 0.4592 0.4530 0.4530 0.4812 0.4530 0.5047 0.4561 0.5266 0.4639 0.5455 0.4875 0.5596 0.5063 0.5815 0.5125 0.5878 0.5313 0.5972 0.5533 0.6129 0.5658 0.6223 0.5690 0.6301 0.5643 0.6223 0.5533 0.6129 0.5392 0.6066 0.5235 0.6129 0.5078 0.6379 0.5172 0.6583 0.5157 0.6881 0.5298 0.7069 0.5408 0.7288 0.5533 0.7508 0.5611 0.7351 0.5408 0.7022 0.5235 0.6536 0.4922 0.7163 0.5251 0.7461 0.5329 0.7429 0.5157 0.7398 0.5016 0.7147 0.4875 0.6708 0.4655 0.6442 0.4545 0.6113 0.4451 0.5627 0.4342 0.5188 0.4310 0.4718 0.4248 0.4545 0.4279 0.4342 0.4185 0.3918 0.4310 0.3401 0.4467 0.2868 0.4608 0.2398 0.4749 0.2241 0.4812 0.2069 0.4937 
1 0.0047 0.5016 0.0408 0.4875 0.1254 0.4608 0.2147 0.4357 0.3150 0.4185 0.3871 0.4107 0.4859 0.4122 0.5721 0.4216 0.6379 0.4279 0.7790 0.4608 0.7900 0.4969 0.8401 0.5078 0.8950 0.5094 0.9122 0.5094 0.9091 0.5298 0.9420 0.5313 0.9890 0.5110 0.9953 0.5078 0.9953 0.4624 0.9953 0.4404 0.9687 0.4373 0.9451 0.4483 0.9263 0.4781 0.9138 0.5031 0.9044 0.4828 0.8840 0.4843 0.8856 0.4655 0.9154 0.4483 0.9122 0.4075 0.8652 0.3997 0.8433 0.4185 0.7947 0.4185 0.7038 0.4060 0.6285 0.3950 0.5596 0.3840 0.4828 0.3762 0.3997 0.3746 0.3056 0.3840 0.1771 0.4044 0.1050 0.4248 0.0016 0.4608 
5 0.0000 0.8981 0.0000 1.0000 0.2994 0.9984 0.2524 0.9639 0.2069 0.9404 0.1458 0.9169 0.0737 0.9028 
1 0.7837 0.9984 0.8417 0.9984 0.8950 0.9216 0.9060 0.9608 0.9639 0.9201 0.9561 0.8292 0.8950 0.8668 0.8213 0.9420 
1 0.9248 0.6661 0.9530 0.8197 0.9828 0.7884 0.9984 0.7163 0.9577 0.6630 
4 0.0016 0.6191 0.0423 0.6003 0.1332 0.5674 0.2085 0.5470 0.2978 0.5266 0.3934 0.5125 0.4639 0.5078 0.5329 0.5063 0.5972 0.5110 0.6583 0.5329 0.6975 0.5564 0.7335 0.5784 0.7821 0.6097 0.8323 0.6740 0.8511 0.7226 0.9075 0.8041 0.9718 0.7304 0.9357 0.6708 0.8918 0.6160 0.8464 0.5564 0.7947 0.5094 0.7226 0.4655 0.6191 0.4279 0.5345 0.4169 0.4749 0.4122 0.3966 0.4122 0.2868 0.4279 0.2022 0.4498 0.1301 0.4781 0.0329 0.5157 0.0000 0.5298 
8 0.0016 0.8621 0.0298 0.8574 0.0643 0.8542 0.1144 0.8542 0.1677 0.8542 0.2492 0.8715 0.2821 0.8824 0.3103 0.8903 0.3495 0.9107 0.3777 0.9326 0.4013 0.9577 0.4185 0.9749 0.4420 0.9953 0.4592 0.9969 0.4279 0.9577 0.3934 0.9295 0.3527 0.8997 0.3072 0.8762 0.2398 0.8527 0.1677 0.8417 0.0956 0.8401 0.0392 0.8448 0.0016 0.8495 
1 0.8511 0.7759 0.8824 0.7539 0.8950 0.7445 0.9138 0.7555 0.8887 0.7900 0.8809 0.8150 0.8401 0.8119 
