1 0.0298 0.2210 0.0141 0.2524 0.0063 0.2868 0.0141 0.3260 0.0580 0.3934 0.1003 0.3887 0.1458 0.4028 0.2194 0.2994 0.1630 0.2994 0.1458 0.2978 0.1567 0.2806 0.1395 0.2649 0.0987 0.2508 0.1489 0.2524 0.1693 0.2586 0.1614 0.2179 
5 0.2194 0.1129 0.1803 0.0016 0.5705 0.0000 
2 0.3997 0.2038 0.6567 0.2006 0.6818 0.2053 0.6944 0.1928 0.3997 0.1834 0.3746 0.1865 0.3762 0.2524 0.3511 0.1912 0.2508 0.2524 0.2053 0.2915 0.2382 0.3088 0.3464 0.2273 0.3652 0.2727 0.3840 0.2727 0.4028 0.2555 
0 0.1489 0.5361 0.1755 0.4812 0.2116 0.4248 0.2273 0.3966 0.2320 0.3871 0.3025 0.3386 0.2900 0.3746 0.2759 0.4122 0.2727 0.4451 0.2743 0.4624 0.2806 0.4718 0.2994 0.4514 0.3088 0.4154 0.3245 0.3966 0.3213 0.3809 0.3276 0.3589 0.3401 0.3401 0.3589 0.3119 0.3777 0.2962 0.3871 0.2821 0.3918 0.2712 0.4028 0.2649 0.3981 0.2508 0.3777 0.2602 0.3527 0.2743 0.3323 0.2884 0.3276 0.3025 0.3150 0.3072 0.2821 0.3182 0.2445 0.3370 0.2116 0.3621 0.1740 0.4138 0.1458 0.4639 0.1332 0.4937 0.1113 0.5439 0.0893 0.5580 0.0564 0.5580 0.0439 0.5737 0.0517 0.5862 0.0752 0.5940 0.0972 0.5925 0.1160 0.5721 0.1207 0.5643 0.1364 0.5799 0.1520 0.5815 0.1803 0.5862 0.2147 0.5878 0.2320 0.5721 0.2633 0.5627 0.2821 0.5596 0.3182 0.5455 0.3527 0.5266 0.3715 0.5110 0.3871 0.5094 0.4044 0.5047 0.4248 0.4937 0.4514 0.4781 0.4875 0.4530 0.5219 0.4342 0.5580 0.4107 0.5940 0.3887 0.6379 0.3715 0.6881 0.3511 0.7571 0.3056 0.7978 0.2837 0.8715 0.2429 0.9216 0.2147 0.9843 0.1724 0.9969 0.1677 0.9969 0.1379 0.9608 0.1552 0.9342 0.1787 0.9060 0.2006 0.8699 0.2210 0.8323 0.2445 0.7884 0.2633 0.7508 0.2837 0.7288 0.2900 0.7194 0.3041 0.6881 0.3260 0.6489 0.3433 0.5909 0.3668 0.5031 0.4154 0.4702 0.4342 0.4467 0.4467 0.4185 0.4734 0.3934 0.4796 0.3668 0.4922 0.3448 0.5063 0.3276 0.5157 0.3103 0.5125 0.2743 0.5376 0.2618 0.5361 0.2508 0.5282 0.2273 0.5345 0.2100 0.5455 0.1881 0.5517 0.1708 0.5517 0.1536 0.5486 
6 0.1740 0.5110 0.2367 0.4906 0.2743 0.4624 0.3527 0.3997 0.5721 0.2978 0.9310 0.1113 0.9890 0.0831 0.9969 0.1019 0.9922 0.1332 0.9953 0.2163 0.9890 0.2586 0.8229 0.3511 0.6536 0.4357 0.5408 0.4875 0.4201 0.5533 0.3386 0.5831 0.2774 0.6129 0.2618 0.6097 0.2633 0.5752 0.2492 0.5502 0.1740 0.6097 0.1364 0.6223 0.0987 0.6144 
1 0.9969 0.8260 0.8166 0.9075 0.7476 0.9639 0.6975 0.9781 0.6661 0.9984 0.6050 0.9969 0.5376 0.9984 0.4357 0.9984 0.4451 0.9828 0.5439 0.9655 0.6348 0.9263 0.7163 0.8762 0.8323 0.8276 0.8981 0.8025 0.9483 0.7884 0.9718 0.7524 0.9984 0.7398 
4 0.2367 0.9937 0.1928 0.8981 0.1630 0.7680 0.1567 0.6818 0.1646 0.6191 0.1959 0.5188 0.2524 0.4310 0.3009 0.3762 0.3668 0.3433 0.4263 0.3150 0.4953 0.2931 0.5282 0.2821 0.6082 0.2429 0.5721 0.2351 0.4749 0.2445 0.3887 0.2696 0.2712 0.3213 0.2163 0.3605 0.1661 0.4248 0.1270 0.4702 0.0987 0.5345 0.0893 0.5784 0.0815 0.6803 0.0768 0.7414 0.0940 0.8386 0.1097 0.9028 0.1364 0.9890 0.1411 0.9984 
3 0.2367 0.1176 0.3072 0.1113 0.3480 0.1003 0.6442 0.0016 0.5799 0.0000 
5 0.9984 0.9984 0.7649 0.9984 0.7696 0.9734 0.8103 0.9545 0.8746 0.9185 0.9389 0.8918 0.9514 0.8636 0.9984 0.8480 
2 0.9937 0.0580 0.9373 0.0878 0.8495 0.1364 0.7320 0.1959 0.6332 0.2492 0.5125 0.3119 0.4154 0.3558 0.3558 0.3824 0.3339 0.3918 0.3072 0.4342 0.2868 0.4875 0.2743 0.5188 0.2868 0.5251 0.3056 0.4718 0.3276 0.4248 0.3448 0.3981 0.5658 0.2994 0.7179 0.2179 0.8401 0.1552 0.9514 0.0940 0.9984 0.0737 
