3 0.1787 0.0031 0.1505 0.1050 0.1238 0.1944 0.0690 0.3464 0.0266 0.4451 0.0000 0.5016 0.0016 0.0047 
3 0.0031 0.7868 0.0439 0.9969 0.0016 0.9984 
0 0.4451 0.0266 0.4248 0.0627 0.4216 0.0940 0.4154 0.1238 0.4138 0.1567 0.4154 0.1724 0.4044 0.1944 0.4060 0.2132 0.3981 0.2759 0.3950 0.3041 0.3918 0.2680 0.3683 0.3025 0.3589 0.3558 0.3370 0.4091 0.3088 0.4420 0.2994 0.4702 0.2900 0.4906 0.2759 0.5204 0.2571 0.5611 0.2445 0.6019 0.2335 0.6301 0.2524 0.6614 0.2665 0.6536 0.3135 0.5361 0.3464 0.4671 0.3762 0.4498 0.3918 0.4498 0.3887 0.4781 0.3605 0.5110 0.3683 0.5580 0.3840 0.5815 0.3981 0.5862 0.4545 0.5580 0.4734 0.5172 0.5078 0.4687 0.5047 0.4075 0.4984 0.3480 0.4749 0.3072 0.4687 0.2649 0.4608 0.2038 0.4639 0.1520 0.4734 0.1129 0.5031 0.0815 0.4922 0.0533 0.4687 0.0282 
4 0.4828 0.8260 0.4718 0.8354 0.4655 0.8542 0.4655 0.8777 0.4342 0.8934 0.3793 0.9060 0.3480 0.9122 0.2884 0.8824 0.2273 0.8041 0.2132 0.7665 0.2053 0.7288 0.2069 0.6458 0.2194 0.5831 0.2539 0.4545 0.2853 0.3636 0.3135 0.2586 0.3260 0.2069 0.3480 0.1489 0.3730 0.0470 0.3871 0.0016 0.5094 0.0016 0.4984 0.1254 0.4828 0.2241 0.4655 0.3229 0.4154 0.4812 0.3950 0.5392 0.3777 0.5893 0.3652 0.6364 0.3574 0.6771 0.3511 0.7241 0.3621 0.7571 0.3840 0.7837 0.4075 0.8041 0.4389 0.8197 0.4655 0.8229 
1 0.0643 0.8245 0.0658 0.8354 0.0768 0.8605 0.0893 0.8809 0.1082 0.8762 0.1160 0.8574 0.1223 0.8292 0.1332 0.8292 0.1332 0.8448 0.1348 0.8699 0.1270 0.8840 0.1097 0.8950 0.1097 0.9075 0.1207 0.9138 0.1207 0.9232 0.1285 0.9248 0.1317 0.9122 0.1614 0.9154 0.1599 0.9044 0.1301 0.9028 0.1614 0.8636 0.1505 0.8166 0.1301 0.8103 0.1113 0.8041 
1 0.5000 0.7539 0.4828 0.7633 0.4734 0.7806 0.4765 0.7947 0.4875 0.8009 0.4969 0.8041 0.5063 0.8025 0.5172 0.7962 0.5282 0.7915 0.5313 0.7837 0.5251 0.7727 0.5172 0.7680 
1 0.5361 0.7539 0.5470 0.7508 0.5549 0.7508 0.5564 0.7696 0.5580 0.7853 0.5502 0.7884 0.5361 0.7837 0.5313 0.7680 
1 0.5705 0.9969 0.5705 0.9655 0.5784 0.9326 0.5784 0.9138 0.5502 0.9028 0.5470 0.8730 0.5502 0.8574 0.5987 0.8574 0.5940 0.8150 0.8856 0.7790 0.8871 0.7335 0.8307 0.7226 0.6803 0.7586 0.6520 0.7571 0.5846 0.7774 0.5658 0.7947 0.5329 0.7962 0.5219 0.8448 0.5204 0.8824 0.5125 0.9013 0.5219 0.9248 0.5329 0.9655 0.5408 0.9969 
1 0.2571 0.1881 0.2696 0.1630 0.2884 0.1693 0.2821 0.1944 0.2555 0.2069 
1 0.3354 0.1207 0.3166 0.1066 0.3135 0.0940 0.2900 0.0893 0.2680 0.1019 0.2790 0.1207 0.3370 0.1332 
1 0.2868 0.2053 0.2696 0.2665 0.2539 0.3229 0.2774 0.3339 0.2994 0.3025 0.3088 0.2602 0.3103 0.2382 
5 0.6019 0.8229 0.6019 0.8699 0.5799 0.8683 0.5846 0.9122 0.5831 0.9969 0.9969 0.9969 0.9984 0.7649 
