0 0.3903 0.4420 0.3934 0.4687 0.3871 0.4781 0.3871 0.5157 0.3981 0.5125 0.4044 0.5000 0.4044 0.4875 0.4154 0.4812 0.4154 0.4592 0.4185 0.4310 0.4216 0.3950 0.4310 0.3918 0.4561 0.3636 0.4545 0.3480 0.4859 0.3433 0.5031 0.3323 0.5141 0.3103 0.5204 0.2978 0.5345 0.2837 0.5611 0.2743 0.5737 0.2633 0.5737 0.2555 0.5596 0.2618 0.5408 0.2649 0.5345 0.2618 0.5110 0.2790 0.5016 0.2931 0.4984 0.3009 0.4812 0.3088 0.4671 0.3197 0.4592 0.3213 0.4451 0.3260 0.4295 0.3339 0.4169 0.3495 0.4138 0.3715 0.4060 0.3840 0.4028 0.4263 
3 0.1583 0.0016 0.1332 0.1364 0.1270 0.1677 0.1160 0.1897 0.1034 0.1959 0.0878 0.1959 0.0611 0.1740 0.0329 0.1473 0.0235 0.1395 0.0000 0.2116 0.0016 0.4577 0.0235 0.4781 0.0329 0.4922 0.0345 0.5157 0.0282 0.5408 0.0031 0.5909 0.0000 0.9984 0.0204 0.9984 0.1254 0.7069 0.1912 0.4781 0.2273 0.3292 0.2398 0.2602 0.2508 0.2069 0.2555 0.1520 0.2978 0.0016 
5 0.0016 0.0047 0.1003 0.0047 0.0172 0.1395 0.0000 0.2006 
5 0.0031 0.4812 0.0016 0.4624 0.0110 0.4687 0.0204 0.4812 0.0282 0.4906 0.0313 0.5188 0.0266 0.5361 0.0204 0.5392 0.0157 0.5596 0.0078 0.5658 0.0016 0.5862 
5 0.9984 0.0016 0.9984 0.2900 0.9765 0.2398 0.9201 0.1897 0.8966 0.1803 0.8323 0.0846 0.7759 0.0047 
1 0.3292 0.0047 0.3589 0.0611 0.3605 0.1082 0.3464 0.1520 0.3056 0.2147 0.2806 0.2461 0.2618 0.2994 0.2398 0.2947 0.2586 0.1991 0.2618 0.1489 0.2900 0.0423 0.3025 0.0016 
1 0.2461 0.3824 0.2288 0.4467 0.2116 0.5439 0.1834 0.6223 0.1897 0.6536 0.1771 0.6630 0.1583 0.6520 0.1552 0.6254 0.2006 0.4514 0.2179 0.3809 
1 0.1364 0.7132 0.1583 0.7727 0.1473 0.8511 0.1395 0.9420 0.1599 0.9671 0.1520 0.9984 0.0502 0.9984 0.0486 0.9734 0.0611 0.9530 0.0893 0.9514 0.1113 0.9075 0.0987 0.8636 0.1019 0.8448 0.1082 0.8103 0.1129 0.7978 0.1034 0.7821 0.1285 0.7147 
4 0.4013 0.9984 0.3730 0.8182 0.3542 0.6755 0.3605 0.5658 0.3840 0.4561 0.4420 0.3495 0.5094 0.2508 0.5799 0.1630 0.6583 0.0643 0.7241 0.0063 0.6552 0.0016 0.5596 0.0016 0.5392 0.0298 0.4875 0.0784 0.4420 0.1332 0.3856 0.2179 0.3370 0.3009 0.2962 0.3683 0.2633 0.4451 0.2398 0.5423 0.2241 0.6003 0.2257 0.7147 0.2288 0.8041 0.2351 0.8950 0.2476 0.9984 
2 0.3777 0.5408 0.4013 0.5705 0.4169 0.5878 0.4765 0.6755 0.5533 0.7774 0.6379 0.8887 0.6991 0.9781 0.7147 1.0000 0.7476 0.9984 0.6850 0.9295 0.5940 0.8041 0.5251 0.7053 0.4545 0.6176 0.4122 0.5596 0.3746 0.5141 0.3652 0.5313 
6 0.5878 0.2712 0.6693 0.3840 0.7727 0.5016 0.8323 0.5643 0.9091 0.6724 0.9765 0.7320 0.9984 0.7759 0.9969 0.9169 0.9953 0.9890 0.8934 0.9922 0.8213 0.9890 0.7618 0.9295 0.7806 0.8824 0.7978 0.7649 0.7179 0.6693 0.6520 0.5846 0.5313 0.4545 0.4687 0.3934 0.4608 0.3730 
1 0.7241 0.0235 0.7382 0.0455 0.7665 0.0580 0.7743 0.0768 0.7743 0.1301 0.8354 0.1520 0.8307 0.1677 0.8605 0.2022 0.8527 0.1771 0.8480 0.1614 0.8668 0.1771 0.8699 0.1897 0.8871 0.1991 0.9044 0.2006 0.9013 0.2194 0.9357 0.2461 0.9514 0.2539 0.9279 0.2618 0.9639 0.2962 0.9953 0.3150 0.9969 0.2759 0.9483 0.2116 0.9201 0.1944 0.8621 0.1395 0.8448 0.1113 0.8229 0.0752 0.7696 0.0110 0.7539 0.0016 0.7132 0.0016 
