0 0.2759 0.7194 0.2994 0.6928 0.3323 0.6520 0.3683 0.6050 0.3997 0.5690 0.4514 0.5266 0.5031 0.5031 0.5533 0.4843 0.5893 0.4765 0.6332 0.4671 0.6708 0.4749 0.6944 0.4796 0.7069 0.4734 0.7100 0.4592 0.6176 0.4357 0.5517 0.4436 0.4890 0.4592 0.4216 0.4953 0.3777 0.5219 0.3339 0.5658 0.3025 0.6097 0.2665 0.6677 0.2555 0.6959 0.2539 0.7194 0.2680 0.7257 
2 0.3997 0.9984 0.5439 0.5549 0.6458 0.5611 0.6458 0.5439 0.5235 0.5423 0.3809 0.9953 
6 0.6583 0.5517 0.6787 0.5439 0.6975 0.5361 0.7210 0.5313 0.7743 0.5564 0.8025 0.5784 0.8182 0.5956 0.8025 0.6191 0.7837 0.6317 0.7429 0.6254 0.7116 0.7006 0.6755 0.7915 0.6285 0.8386 0.5721 0.9875 0.4561 0.9859 0.5862 0.5611 0.6599 0.5737 
3 0.1693 0.4216 0.1771 0.3950 0.4138 0.2147 0.4890 0.2132 0.7633 0.0016 0.8370 0.0016 0.4060 0.3088 0.3856 0.3150 0.2743 0.3809 0.2586 0.3621 
2 0.2508 0.6771 0.1959 0.6411 0.1928 0.6160 0.1520 0.5627 0.1348 0.5909 0.0862 0.6928 0.0031 0.8056 0.0016 0.8323 0.0627 0.7555 0.1019 0.7022 0.1097 0.6724 0.1520 0.5956 0.1693 0.6207 0.1693 0.6364 0.2445 0.6959 0.2633 0.7069 0.2618 0.6740 0.2508 0.6317 0.2429 0.6097 0.2351 0.5925 0.2163 0.5846 
5 0.0031 0.0031 0.0031 0.5502 0.1646 0.4326 0.1724 0.3856 0.4138 0.2053 0.4906 0.2053 0.7539 0.0016 
1 0.1270 0.4687 0.0016 0.5533 0.0016 0.5799 0.1473 0.4749 
1 0.1191 0.9953 0.1897 0.8636 0.2116 0.8480 0.2179 0.8260 0.2618 0.8245 0.2743 0.8245 0.2335 0.8715 0.1865 0.9514 0.1630 0.9969 0.2288 0.9969 0.2915 0.8997 0.3150 0.8292 0.3197 0.7696 0.2868 0.7633 0.3009 0.7335 0.2853 0.7320 0.1897 0.8354 0.0956 0.9953 
4 0.2398 0.7759 0.3354 0.6771 0.3871 0.6301 0.4279 0.6034 0.4859 0.5721 0.5361 0.5470 0.6317 0.5329 0.7085 0.5282 0.7633 0.5376 0.8103 0.5580 0.8730 0.5956 0.9326 0.6426 1.0000 0.7053 0.9984 0.6034 0.9639 0.5705 0.9169 0.5235 0.8605 0.4828 0.7727 0.4389 0.6708 0.4248 0.5878 0.4279 0.5078 0.4451 0.4232 0.4796 0.3041 0.5643 0.2492 0.6113 0.1834 0.6834 0.1301 0.7461 0.0674 0.8197 0.0204 0.8871 0.0031 0.9342 0.0078 0.9969 0.0768 0.9969 0.1646 0.8715 
1 0.9373 0.9969 0.9389 0.9608 0.9483 0.9514 0.9655 0.9436 0.9608 0.9060 0.9875 0.8950 0.9984 0.9028 0.9984 0.9984 
