2 0.2398 0.3401 0.1865 0.3495 0.1223 0.3636 0.0564 0.3966 0.0016 0.4342 0.0031 0.4075 0.0643 0.3715 0.1505 0.3386 0.2382 0.3260 
2 0.2210 0.2524 0.3088 0.2743 0.3950 0.3025 0.5000 0.3448 0.5862 0.3809 0.6787 0.4185 0.7147 0.4279 0.7320 0.4216 0.7759 0.4436 0.7476 0.4561 0.7257 0.4608 0.7179 0.4718 0.7461 0.4702 0.7727 0.4655 0.7962 0.4451 0.7884 0.4310 0.7633 0.4248 0.7226 0.4060 0.7038 0.4169 0.6583 0.3966 0.5486 0.3495 0.4483 0.3103 0.3558 0.2743 0.2712 0.2524 0.2132 0.2335 
2 0.7006 0.5721 0.7038 0.5549 0.7163 0.5361 0.7445 0.5141 0.7790 0.5000 0.8072 0.4906 0.8448 0.5392 0.8699 0.5721 0.8966 0.5784 0.9969 0.6818 0.9984 0.6567 0.9075 0.5627 0.8777 0.5549 0.8229 0.4937 0.8072 0.4796 0.7633 0.4890 0.7351 0.5063 0.7069 0.5251 0.7006 0.5392 0.6944 0.5705 
6 0.1129 0.0345 0.1270 0.0658 0.1567 0.0909 0.1693 0.1113 0.1583 0.1238 0.1771 0.1583 0.1959 0.1850 0.2179 0.2335 0.2461 0.2837 0.2571 0.2994 0.3009 0.3103 0.2931 0.3307 0.3448 0.3292 0.3668 0.3511 0.3918 0.3542 0.3934 0.3840 0.3636 0.4060 0.3401 0.4279 0.3370 0.4561 0.3464 0.4655 0.3197 0.4843 0.3182 0.5157 0.3401 0.5345 0.3495 0.5611 0.3464 0.5846 0.3276 0.6082 0.3276 0.6348 0.3370 0.6473 0.3323 0.7038 0.3150 0.7790 0.3072 0.8354 0.3119 0.8636 0.2994 0.9467 0.2900 0.9984 0.1552 0.9969 0.1991 0.8636 0.2398 0.8197 0.2335 0.7351 0.2038 0.6630 0.1975 0.6285 0.2414 0.5768 0.2320 0.5345 0.2069 0.4875 0.2053 0.4687 0.1897 0.4639 0.1693 0.4577 0.1285 0.4545 0.1270 0.4232 0.1771 0.4044 0.2476 0.3966 0.2398 0.3527 0.2241 0.3182 0.2053 0.2962 0.1411 0.2915 0.1395 0.2774 0.1771 0.2649 0.1583 0.2335 0.1364 0.2053 0.1238 0.1787 0.1191 0.1426 0.1082 0.1034 0.0831 0.0815 0.0564 0.0893 0.0313 0.0376 0.0392 0.0016 0.0549 0.0016 
3 0.9969 0.5251 0.9044 0.4765 0.7759 0.4091 0.6959 0.3652 0.6489 0.3245 0.4687 0.2241 0.2586 0.1082 0.0533 0.0016 0.3150 0.0031 0.5141 0.1113 0.5549 0.1238 0.5690 0.1160 0.5752 0.0956 0.5784 0.0502 0.5784 0.0141 0.5846 0.0110 0.6034 0.0141 0.6379 0.0329 0.7633 0.1003 0.7868 0.1082 0.8103 0.1034 0.8245 0.1066 0.9342 0.1661 0.9984 0.2022 
5 0.9984 0.0000 0.9984 0.0016 0.9984 0.1991 0.8197 0.1003 0.7962 0.0956 0.7821 0.1050 0.5987 0.0078 0.5219 0.0016 
5 0.3997 0.0016 0.4702 0.0580 0.5392 0.1082 0.5580 0.1176 0.5533 0.1207 0.5157 0.1097 0.3213 0.0016 
1 0.0000 0.5987 0.0282 0.5768 0.0564 0.5392 0.0893 0.5235 0.1176 0.5141 0.1301 0.5188 0.1191 0.5408 0.1270 0.5909 0.1489 0.5893 0.1270 0.6897 0.1693 0.7194 0.1442 0.7884 0.1567 0.8056 0.1207 0.8292 0.0987 0.9263 0.1160 0.9545 0.0925 0.9969 0.1646 0.9922 0.1755 0.9107 0.1771 0.8777 0.2116 0.8480 0.2257 0.7743 0.2085 0.6850 0.1834 0.6301 0.1771 0.5972 0.2085 0.5564 0.2367 0.5408 0.2273 0.5345 0.1818 0.5502 0.1912 0.5094 0.1740 0.4765 0.1254 0.4875 0.1144 0.4702 0.0470 0.4937 0.0016 0.5768 
5 0.0016 0.9984 0.0016 0.6003 0.0313 0.5784 0.0580 0.5392 0.1191 0.5188 0.1082 0.5345 0.1176 0.5878 0.0940 0.6144 0.0987 0.6254 0.1254 0.6019 0.1160 0.6160 0.1113 0.6755 0.0893 0.7069 0.0737 0.9091 0.0564 0.9044 0.0878 0.9984 
0 0.3966 0.3934 0.4436 0.4044 0.4749 0.4122 0.5016 0.4091 0.5329 0.4216 0.5580 0.4420 0.5862 0.4687 0.6019 0.4812 0.6254 0.4875 0.6505 0.4906 0.6583 0.4765 0.6489 0.4624 0.6332 0.4498 0.6160 0.4420 0.6034 0.4248 0.5878 0.4216 0.5627 0.3997 0.5361 0.3903 0.5110 0.3871 0.4781 0.3840 0.4436 0.3809 0.4091 0.3730 0.3730 0.3715 0.3527 0.3699 0.3495 0.3793 0.3527 0.3903 0.3777 0.3950 
4 0.9984 0.8824 0.9201 0.7978 0.8511 0.7351 0.7680 0.6724 0.6458 0.5972 0.5439 0.5392 0.4451 0.4937 0.3809 0.4843 0.2947 0.4843 0.2241 0.4875 0.1771 0.5110 0.1693 0.5125 0.1176 0.3966 0.1928 0.3730 0.2492 0.3558 0.3182 0.3433 0.3824 0.3464 0.4639 0.3589 0.5251 0.3840 0.6270 0.4420 0.7038 0.4843 0.7727 0.5251 0.8339 0.5674 0.8887 0.6129 0.9514 0.6881 0.9969 0.7429 
