3 0.0031 0.1473 0.6865 0.2618 0.7351 0.2821 0.8182 0.3009 0.9984 0.3276 0.9984 0.1614 0.5361 0.0893 0.4843 0.0784 0.4639 0.0846 0.4592 0.0909 0.4734 0.1082 0.5016 0.1379 0.5047 0.1442 0.4969 0.1520 0.4796 0.1520 0.4373 0.1473 0.2288 0.1191 0.0000 0.0799 
1 0.4357 0.0078 0.4890 0.0799 0.7100 0.1129 0.6520 0.0000 
1 0.9326 0.0031 0.9263 0.1442 1.0000 0.1599 0.9969 0.0063 
1 0.0031 0.3401 0.0439 0.3072 0.0690 0.3119 0.0799 0.3558 0.0643 0.3840 0.0987 0.4279 0.1034 0.4060 0.1520 0.4122 0.1630 0.4342 0.1066 0.4545 0.1223 0.4765 0.0940 0.4969 0.0392 0.4467 0.0470 0.5078 0.0031 0.5251 
1 0.3542 0.3699 0.3088 0.3072 0.3276 0.3009 0.3527 0.3135 0.3589 0.3276 0.3558 0.2806 0.3292 0.2571 0.3276 0.2367 0.3542 0.2335 0.3903 0.2508 0.4013 0.2273 0.4044 0.2194 0.4420 0.2210 0.4937 0.2320 0.5204 0.2398 0.5596 0.2429 0.5831 0.2508 0.5925 0.2759 0.5784 0.2915 0.5580 0.2962 0.5298 0.2947 0.5047 0.2696 0.4592 0.2665 0.4263 0.2790 0.3950 0.2994 0.4922 0.3668 0.4655 0.3793 0.4796 0.3903 0.4514 0.4013 0.3966 0.4028 0.3621 0.3887 
2 0.2806 0.4749 0.3276 0.4498 0.3746 0.4310 0.4154 0.4248 0.4624 0.4154 0.4953 0.4028 0.5470 0.3966 0.6129 0.3856 0.6661 0.3871 0.7038 0.3824 0.7288 0.3809 0.6928 0.4749 0.7085 0.4812 0.7837 0.3918 0.8135 0.4075 0.9138 0.4483 0.9984 0.4953 1.0000 0.4702 0.9091 0.4248 0.7978 0.3746 0.7743 0.3699 0.7586 0.3840 0.7351 0.4216 0.7508 0.3668 0.7414 0.3621 0.7194 0.3605 0.6740 0.3621 0.5972 0.3652 0.5502 0.3746 0.4389 0.3950 0.3746 0.4028 0.3041 0.4342 0.2868 0.4530 
0 0.3041 0.5110 0.3229 0.5094 0.3464 0.5094 0.3527 0.5094 0.3652 0.5016 0.3746 0.4937 0.3824 0.4906 0.3903 0.4906 0.3950 0.4843 0.4060 0.4781 0.4185 0.4702 0.4310 0.4624 0.4451 0.4561 0.4514 0.4514 0.4624 0.4514 0.4749 0.4498 0.4843 0.4467 0.5031 0.4342 0.5188 0.4295 0.5329 0.4279 0.5627 0.4232 0.5956 0.4216 0.6097 0.4216 0.6285 0.4232 0.6458 0.4248 0.6567 0.4279 0.6708 0.4310 0.6850 0.4279 0.7006 0.4279 0.7132 0.4232 0.7194 0.4248 0.7288 0.4279 0.7476 0.4342 0.7602 0.4404 0.7539 0.4483 0.7445 0.4530 0.7382 0.4530 0.7257 0.4451 0.7147 0.4483 0.7006 0.4530 0.6834 0.4530 0.6881 0.4577 0.6724 0.4577 0.6599 0.4624 0.6473 0.4718 0.6317 0.4812 0.6207 0.4859 0.6097 0.5031 0.5956 0.5125 0.5862 0.5251 0.5815 0.5361 0.5690 0.5502 0.5564 0.5721 0.5470 0.5674 0.5376 0.5815 0.5219 0.6034 0.5016 0.6019 0.4906 0.5956 0.4875 0.5878 0.4969 0.5737 0.5329 0.5361 0.5533 0.5094 0.5784 0.4828 0.5909 0.4781 0.5972 0.4624 0.6144 0.4561 0.6254 0.4514 0.5940 0.4436 0.5611 0.4467 0.5408 0.4514 0.5235 0.4514 0.5141 0.4545 0.5078 0.4655 0.4969 0.4671 0.4812 0.4702 0.4749 0.4734 0.4608 0.4781 0.4530 0.4781 0.4436 0.4843 0.4342 0.4890 0.4248 0.4937 0.4154 0.4969 0.4263 0.5047 0.4373 0.5157 0.4279 0.5204 0.4154 0.5110 0.4028 0.5078 0.3950 0.5125 0.3824 0.5188 0.3777 0.5219 0.3746 0.5313 0.3824 0.5439 0.3903 0.5596 0.3918 0.5721 0.3981 0.5878 0.4060 0.6034 0.4060 0.6176 0.3950 0.6473 0.3871 0.6724 0.3777 0.6865 0.3699 0.6928 0.3621 0.6834 0.3652 0.6724 0.3746 0.6567 0.3856 0.6395 0.3903 0.6285 0.3903 0.6160 0.3777 0.6034 0.3715 0.5846 0.3652 0.5674 0.3480 0.5549 0.3448 0.5408 0.3433 0.5313 0.3276 0.5251 0.3150 0.5313 0.2978 0.5313 0.2790 0.5345 0.2774 0.5188 0.2915 0.5094 
6 0.2194 0.1850 0.3480 0.4013 0.3056 0.4169 0.2774 0.4655 0.2759 0.5392 0.2508 0.5627 0.1991 0.4545 0.1614 0.3762 0.1332 0.2727 0.0345 0.1536 
2 0.4592 0.6630 0.6050 0.5784 0.7743 0.8840 0.8386 0.9984 0.8652 0.9969 0.7821 0.8527 0.6897 0.6959 0.6254 0.5690 0.6129 0.5580 0.5643 0.5737 0.4969 0.6050 0.4483 0.6458 
6 0.4232 0.6708 0.4420 0.7085 0.4734 0.7821 0.5125 0.8966 0.5470 0.9561 0.5768 0.9984 0.6803 1.0000 0.7147 0.9655 0.7226 0.9013 0.6975 0.8871 0.6458 0.8809 0.6473 0.8542 0.5940 0.8260 0.5533 0.7837 0.5423 0.7476 0.4875 0.7085 0.4608 0.6677 0.4498 0.6332 
1 0.2837 0.7555 0.3213 0.7759 0.3652 0.8213 0.3777 0.8746 0.3856 0.9310 0.4326 0.9216 0.4436 0.9389 0.4326 0.9953 0.5063 1.0000 0.4875 0.9091 0.4592 0.8683 0.4232 0.8652 0.4295 0.8056 0.3981 0.7712 0.3840 0.7680 0.3762 0.7288 0.3417 0.7085 0.2900 0.7085 0.2508 0.7414 0.2085 0.7962 0.1834 0.8464 0.1520 0.8950 0.1724 0.9310 0.2100 0.8464 0.2194 0.8150 0.2492 0.7947 0.2806 0.7649 
4 0.0831 0.9953 0.0909 0.9154 0.1129 0.8135 0.1473 0.7226 0.2085 0.6254 0.2618 0.5784 0.3025 0.5423 0.3589 0.5031 0.4044 0.4687 0.4655 0.4467 0.5533 0.4263 0.6317 0.4154 0.6959 0.4107 0.8009 0.4248 0.8636 0.4498 0.9122 0.4702 1.0000 0.5157 1.0000 0.6285 0.9154 0.5831 0.8762 0.5674 0.8182 0.5470 0.7712 0.5408 0.6959 0.5329 0.6332 0.5313 0.5846 0.5361 0.5188 0.5564 0.4592 0.5846 0.4107 0.6097 0.3652 0.6458 0.3150 0.6944 0.2931 0.7163 0.2461 0.7555 0.2163 0.7900 0.1944 0.8197 0.1677 0.8746 0.1552 0.9060 0.1505 0.9545 0.1395 0.9687 0.1301 0.9984 
5 0.1395 0.9984 0.4248 0.9969 0.4373 0.9404 0.3777 0.9373 0.3621 0.8245 0.2915 0.7665 0.2414 0.8072 0.2226 0.8150 0.1740 0.9342 
